Cps
348
1029152120
0.212782 2.030442 0.540924
3
1029379592
956549304
1029369448
1029152216
0.212782 1.719222 0.533003
4
0
956549304
0
956549392
1029152312
0.270542 1.674642 0.359142
4
0
956549480
0
956549392
1029152408
0.270542 1.560362 0.312721
4
0
956549480
0
956548424
1029152504
0.158460 1.467152 0.453279
5
0
0
956548512
0
956548424
1029152600
-0.003511 1.445949 0.304190
4
956548600
0
0
956548512
1029152696
-0.036686 1.426032 0.297115
4
956548600
0
0
956549568
1029152792
-0.285596 0.829939 0.148510
4
956547808
0
0
956549568
1029152888
-0.350245 0.734663 0.104385
4
956547808
0
0
956548688
1029152984
-0.590932 0.252662 -0.036000
4
956548248
0
0
956548688
1029324568
-0.617915 0.110579 -0.060979
4
956548248
0
0
956548336
1029325528
-0.529061 -0.037712 -0.136694
4
956548776
0
0
956548336
1029324760
-0.505758 -0.062696 -0.155482
3
956548776
956548864
0
1029324664
-0.475586 -0.062470 -0.145331
3
956548864
956548952
0
1029324856
-0.468716 -0.037260 -0.116392
4
956548952
0
0
956549040
1029325720
-0.409042 0.120924 -0.039432
4
0
956548160
0
956549040
1029325624
-0.401009 0.170736 -0.007691
4
956548160
0
0
956547720
1029326008
-0.191513 0.652928 0.047403
4
0
956547984
0
956547720
1029325816
-0.112675 0.802143 0.096807
4
956547984
0
0
956549128
1029324952
0.051885 1.271761 0.309704
4
0
956548072
0
956549128
1029325432
0.096727 1.297002 0.314026
4
956548072
0
0
956549216
1029325048
0.158460 1.224703 0.420142
5
0
0
0
956549216
1029368160
1029325912
0.150736 1.150362 0.333640
4
0
1029368248
0
1029368160
1029326104
0.150736 0.942222 0.342294
4
0
1029368248
0
1029367192
1029326200
0.221167 0.779764 0.331801
4
0
1029367280
0
1029367192
1029325144
0.221167 0.607707 0.337846
4
0
1029367280
0
1029367984
1029325240
0.248843 0.514081 0.317165
5
0
0
1029368072
0
1029367984
1029325336
-0.077384 0.343793 0.470530
4
1029368336
0
0
1029368072
1029326296
-0.122360 0.291045 0.443657
4
1029368336
0
0
1029367368
1029326392
-0.210413 -0.410309 0.167103
4
1029367456
0
0
1029367368
1029326488
-0.242415 -0.523718 0.143541
4
1029367456
0
0
1029367544
1029329800
-0.490556 -0.978250 0.168331
4
1029367632
0
0
1029367544
1029330472
-0.539331 -1.136289 0.189457
4
0
1029367632
0
1029367896
1029329704
-0.446340 -1.295002 0.084879
4
1029367720
0
0
1029367896
1029330088
-0.493746 -1.383062 0.123121
4
1029367720
0
0
1029367808
1029330184
-0.512889 -1.463091 0.262446
4
1029364992
0
0
1029367808
1029329896
-0.517221 -1.499607 0.283366
3
1029364992
0
1029366224
1029330280
-0.487586 -1.512443 0.295634
3
1029365960
0
1029366224
1029330376
-0.453612 -1.488745 0.286986
4
1029365960
0
0
1029366312
1029330568
-0.316306 -1.449475 0.190139
4
1029366928
0
0
1029366312
1029329992
-0.268902 -1.361424 0.151897
4
1029366928
0
0
1029364728
1029327592
-0.189616 -1.227783 0.312410
4
1029366136
0
0
1029364728
1029327496
-0.140841 -1.069745 0.291283
4
0
1029366136
0
1029364904
1029328264
-0.094102 -0.614764 0.150597
4
0
1029367016
0
1029364904
1029327976
-0.058742 -0.463574 0.211369
4
1029367016
0
0
1029365344
1029328360
0.181122 0.028069 0.451914
4
0
1029366048
0
1029365344
1029328936
0.226098 0.080819 0.478786
4
1029366048
0
0
1029364816
1029328744
0.248843 0.347343 0.317165
4
0
1029366840
0
1029364816
1029326824
0.415583 0.347343 0.317165
4
1029366840
0
0
1029365080
1029326920
0.279017 0.216081 0.447740
4
0
1029366664
0
1029365080
1029329224
0.309160 0.148112 0.449486
4
1029366664
0
0
1029366752
1029327208
0.428718 -0.435681 0.403702
4
0
1029367104
0
1029366752
1029328840
0.427475 -0.588461 0.393770
4
1029367104
0
0
1029365432
1029327016
0.311649 -1.087986 0.346859
4
1029365520
0
0
1029365432
1029328456
0.308006 -1.269293 0.328605
4
0
1029365520
0
1029365168
1029328648
0.397535 -1.324575 0.196618
4
0
1029366400
0
1029365168
1029328552
0.399674 -1.420586 0.243945
4
0
1029366400
0
1029366488
1029327304
0.476516 -1.494337 0.379704
4
0
1029366576
0
1029366488
1029327688
0.496505 -1.526740 0.398172
3
0
1029366576
1029365696
1029327784
0.530957 -1.524266 0.397523
3
0
1029364376
1029365696
1029329032
0.545422 -1.489408 0.378405
4
0
1029364376
0
1029365256
1029329512
0.600565 -1.415336 0.245532
4
0
1029364464
0
1029365256
1029329128
0.598426 -1.319314 0.198207
4
0
1029364464
0
1029365608
1029329608
0.689627 -1.277863 0.337959
4
1029364552
0
0
1029365608
1029326632
0.693966 -1.097025 0.355900
4
0
1029364552
0
1029365872
1029329320
0.593939 -0.604148 0.397960
4
0
1029364640
0
1029365872
1029328168
0.595339 -0.438310 0.415287
4
0
1029364640
0
1029365784
1029329416
0.670587 0.309620 0.520903
4
0
1029369184
0
1029365784
1029326728
0.640443 0.377588 0.519157
4
0
1029369184
0
1029369800
1029327400
0.415583 0.514081 0.317165
5
0
0
1029369800
0
1029369624
1029327880
0.443259 0.607707 0.337846
4
0
1029368568
0
1029369624
1029328072
0.443259 0.779764 0.331801
4
0
1029368568
0
1029369272
1029327112
0.513690 0.942222 0.342294
4
0
1029369536
0
1029369272
1029332368
0.513690 1.150362 0.333640
4
0
1029369536
0
1029370856
1029333520
0.505966 1.224703 0.420142
5
0
0
1029369712
0
1029370856
1029331024
0.567699 1.297002 0.314026
4
0
1029370504
0
1029369712
1029332080
0.599426 1.274212 0.308703
4
1029370504
0
0
1029370768
1029331504
0.731899 0.791149 0.103328
4
0
1029370152
0
1029370768
1029332464
0.752852 0.669816 0.096095
4
1029370152
0
0
1029371032
1029333712
0.746953 0.152231 0.203701
4
0
1029369008
0
1029371032
1029332944
0.741255 0.056636 0.194363
4
1029369008
0
0
1029369888
1029330832
0.800929 -0.101548 0.117403
4
0
1029370416
0
1029369888
1029332560
0.807799 -0.126758 0.088464
3
1029370416
1029368480
0
1029333424
0.837971 -0.126984 0.078313
3
1029368480
1029368656
0
1029332752
0.861274 -0.102000 0.097101
4
0
1029368656
0
1029369976
1029333328
0.950128 0.046291 0.172816
4
0
1029370064
0
1029369976
1029330928
0.955827 0.141885 0.182154
4
0
1029370064
0
1029370592
1029331312
0.931032 0.697259 0.151872
4
0
1029370944
0
1029370592
1029332848
0.910080 0.818593 0.159106
4
0
1029370944
0
1029370240
1029331600
0.703008 1.420242 0.300953
4
0
1029370328
0
1029370240
1029333040
0.671281 1.443032 0.306277
4
0
1029370328
0
1029370680
1029333616
0.505966 1.467152 0.453279
5
0
0
0
1029370680
1029371120
1029331888
0.393884 1.560362 0.312721
4
0
1029371208
0
1029371120
1029330736
0.393884 1.674642 0.359142
4
0
1029371208
0
1029368744
1029331984
0.451644 1.719222 0.533003
4
0
1029368832
0
1029368744
1029332272
0.451644 2.030442 0.540924
3
1029379944
1029368832
1029369448
1029332176
0.388816 1.873783 0.004373
3
1029368920
1029379856
1029380208
1029332656
0.445418 1.803402 0.109569
4
0
1029368920
0
1029369096
1029331120
0.451644 1.724982 0.306666
5
0
0
1029369096
0
1029369360
1029331696
0.393884 1.721062 0.244869
4
1029372440
0
0
1029369360
1029333136
0.393884 1.606782 0.198448
4
0
1029372440
0
1029372352
1029333232
0.505966 1.526722 0.017450
5
0
0
1029372264
0
1029372352
1029331216
0.647085 1.450782 0.128887
4
0
1029371384
0
1029372264
1029331408
0.678812 1.427992 0.123564
4
0
1029371384
0
1029371296
1029331792
0.944890 0.831614 0.041497
4
0
1029371472
0
1029371296
1029334576
0.965842 0.710282 0.034264
4
0
1029371472
0
1029371560
1029334000
0.946489 0.151746 0.086899
4
0
1029371736
0
1029371560
1029334672
0.940791 0.056152 0.077561
4
0
1029371736
0
1029371648
1029333808
0.842167 -0.081697 0.039859
4
0
1029371824
0
1029371648
1029333904
0.828418 -0.116832 0.049692
3
1029371912
1029371824
0
1029334096
0.798246 -0.116607 0.059843
3
1029371912
1029372000
0
1029334192
0.781823 -0.081246 0.060162
4
1029372000
0
0
1029372088
1029334288
0.731917 0.066498 0.099108
4
0
1029372176
0
1029372088
1029334384
0.737615 0.162092 0.108446
4
1029372176
0
0
1029376368
1029334480
0.787662 0.682838 -0.021514
4
0
1029376456
0
1029376368
1029335512
0.766710 0.804171 -0.014280
4
1029376456
0
0
1029376544
1029336664
0.575229 1.281962 0.131313
4
0
1029376016
0
1029376544
1029335608
0.543502 1.304752 0.136637
4
1029376016
0
0
1029375928
1029336856
0.505966 1.284272 -0.015689
5
0
0
1029375928
0
1029375400
1029337048
0.513690 1.139201 0.065297
4
1029376104
0
0
1029375400
1029337240
0.513690 0.931064 0.073951
4
0
1029376104
0
1029375488
1029337336
0.443259 0.773719 0.159744
4
1029375576
0
0
1029375488
1029335032
0.443259 0.601662 0.165789
4
0
1029375576
0
1029376192
1029337528
0.415583 0.514081 0.150425
5
0
0
1029376280
0
1029376192
1029335416
0.731936 0.404494 -0.005204
4
0
1029375664
0
1029376280
1029337720
0.762079 0.336525 -0.003459
4
0
1029375664
0
1029375752
1029335896
0.607131 -0.421187 0.249549
4
0
1029375840
0
1029375752
1029335704
0.605220 -0.594426 0.238323
4
0
1029375840
0
1029372848
1029334840
0.702380 -1.066238 0.030947
4
0
1029375136
0
1029372848
1029336760
0.698701 -1.224737 0.016471
4
0
1029375136
0
1029373816
1029335128
0.600424 -1.366603 0.102171
4
1029375224
0
0
1029373816
1029335224
0.602562 -1.462625 0.149496
4
0
1029375224
0
1029373288
1029334936
0.548767 -1.546383 0.339459
4
1029372672
0
0
1029373288
1029337624
0.532630 -1.552758 0.378050
3
0
1029372672
1029374168
1029336376
0.498178 -1.555223 0.378699
3
1029374432
0
1029374168
1029335800
0.479861 -1.551312 0.340759
4
0
1029374432
0
1029375312
1029336184
0.401671 -1.467885 0.147908
4
1029373992
0
0
1029375312
1029336952
0.399532 -1.371864 0.100582
4
0
1029373992
0
1029374608
1029336472
0.317079 -1.216167 0.007118
4
0
1029373904
0
1029374608
1029336088
0.320063 -1.057199 0.021907
4
0
1029373904
0
1029372760
1029335320
0.438559 -0.592370 0.227193
4
0
1029373024
0
1029372760
1029335992
0.440509 -0.418559 0.237965
4
1029373024
0
0
1029374256
1029336568
0.400653 0.175018 -0.074875
4
0
1029374080
0
1029374256
1029336280
0.370510 0.242985 -0.076621
4
1029374080
0
0
1029375048
1029337144
0.415583 0.347343 0.150425
4
0
1029374344
0
1029375048
1029337432
0.248843 0.347343 0.150425
4
1029374344
0
0
1029374520
1029337816
0.359752 0.219496 -0.017114
4
0
1029373376
0
1029374520
1029338104
0.314777 0.166747 -0.043986
4
1029373376
0
0
1029374960
1029337912
0.000809 -0.417680 0.062547
4
0
1029373112
0
1029374960
1029338008
-0.055517 -0.619014 0.035889
4
1029373112
0
0
1029372936
1029338776
-0.051250 -1.138285 -0.014546
4
1029374696
0
0
1029372936
1029338200
-0.100027 -1.296328 0.006583
4
1029374696
0
0
1029373200
1029338296
-0.252176 -1.410995 0.058483
4
1029374784
0
0
1029373200
1029338488
-0.299583 -1.499055 0.096724
4
0
1029374784
0
1029374872
1029338392
-0.460609 -1.544008 0.246107
4
1029373464
0
0
1029374872
1029338584
-0.491083 -1.540069 0.275195
3
0
1029373464
1029373552
1029338680
-0.520721 -1.527243 0.262925
3
1029373640
0
1029373552
1029340864
-0.519886 -1.518354 0.221566
4
0
1029373640
0
1029372584
1029341728
-0.477020 -1.432633 0.029706
4
1029373728
0
0
1029372584
1029340768
-0.429614 -1.344573 -0.008535
4
0
1029373728
0
1029379240
1029341632
-0.444293 -1.184357 -0.114572
4
1029377832
0
0
1029379240
1029341440
-0.400965 -1.046790 -0.137498
4
1029377832
0
0
1029377128
1029341824
-0.209247 -0.575210 -0.011536
4
1029377568
0
0
1029377128
1029340192
-0.150862 -0.364415 0.018281
4
1029377568
0
0
1029378712
1029340960
0.011296 0.429721 -0.052243
4
1029378800
0
0
1029378712
1029340672
0.056271 0.482471 -0.025371
4
1029378800
0
0
1029378360
1029341920
0.248843 0.514081 0.150425
5
0
0
1029378360
0
1029378096
1029341056
0.221167 0.601662 0.165789
4
1029377392
0
0
1029378096
1029341152
0.221167 0.773719 0.159744
4
0
1029377392
0
1029377744
1029341248
0.150736 0.931064 0.073951
4
1029378976
0
0
1029377744
1029339520
0.150736 1.139201 0.065297
4
0
1029378976
0
1029377920
1029340384
0.158460 1.284272 -0.015689
5
0
0
1029378448
0
1029377920
1029341344
0.120924 1.304752 0.136637
4
0
1029376688
0
1029378448
1029341536
0.085795 1.276763 0.135068
4
1029376688
0
0
1029377216
1029338944
-0.139735 0.817742 -0.021659
4
0
1029377656
0
1029377216
1029339040
-0.201056 0.709820 -0.060667
4
1029377656
0
0
1029378624
1029340288
-0.375035 0.200907 -0.094567
4
0
1029378536
0
1029378624
1029340480
-0.399704 0.130786 -0.134687
4
1029378536
0
0
1029378888
1029339136
-0.449610 -0.016958 -0.173633
4
0
1029377304
0
1029378888
1029340576
-0.466033 -0.052319 -0.173952
3
1029377304
1029379328
0
1029339232
-0.496205 -0.052544 -0.184103
3
1029379064
1029379328
0
1029339904
-0.509954 -0.017409 -0.193936
4
1029379064
0
0
1029378272
1029339328
-0.608578 0.120440 -0.156234
4
1029377040
0
0
1029378272
1029339424
-0.564958 0.282833 -0.122876
4
1029377040
0
0
1029379152
1029339616
-0.359788 0.791555 -0.003684
4
1029377480
0
0
1029379152
1029339712
-0.316256 0.860781 0.024267
4
1029377480
0
0
1029379416
1029339808
-0.002777 1.431034 0.122480
4
1029376776
0
0
1029379416
1029340000
0.030398 1.450951 0.129554
4
1029376776
0
0
1029376864
1029340096
0.158460 1.526722 0.017450
5
0
0
1029376864
0
1029378008
1029342784
0.270542 1.606782 0.198448
4
1029376952
0
0
1029378008
1029342016
0.270542 1.721062 0.244869
4
0
1029376952
0
1029378184
1029342496
0.212782 1.724982 0.306666
5
0
0
0
1029380384
1029378184
1029342112
0.219008 1.803402 0.109569
4
1029379504
0
0
1029380384
1029342304
0.275610 1.873783 0.004373
3
1029380648
1029379504
1029380208
1029152120
0.212782 2.030442 0.540924
3
1029379592
956549304
1029369448
1029342880
0.212782 2.036202 0.314587
4
1029379592
0
0
1029380120
1029342208
0.219008 2.028023 0.138020
4
0
1029380560
0
1029380120
1029342688
0.275610 1.986093 0.018599
3
1029380648
1029380560
0
1029342304
0.275610 1.873783 0.004373
3
1029380648
1029379504
1029380208
1029332272
0.451644 2.030442 0.540924
3
1029379944
1029368832
1029369448
1029345256
0.451644 2.036202 0.314587
4
0
1029379944
0
1029379768
1029345832
0.445418 2.028023 0.138020
4
0
1029380296
0
1029379768
1029346024
0.388816 1.986093 0.018599
3
1029379856
1029380296
0
1029332176
0.388816 1.873783 0.004373
3
1029368920
1029379856
1029380208
1029345064
-0.618118 0.257121 -0.016482
3
1029392696
1029380032
1029392608
1029344584
-0.368278 0.734557 0.132928
4
1029383784
0
0
1029380032
1029344392
-0.306805 0.846523 0.171509
4
1029383784
0
0
1029384664
1029343528
-0.059656 1.440036 0.317539
4
1029383872
0
0
1029384664
1029344488
-0.025773 1.460932 0.328130
4
1029383872
0
0
1029384488
1029344680
0.145340 1.488612 0.476151
5
0
0
1029384488
0
1029384224
1029343912
0.193849 1.534255 0.375025
4
0
1029383960
1029384224
1029396008
1029343624
0.230710 1.575912 0.360903
3
1029383960
0
0
1029344776
0.982170 0.141241 0.203639
3
1029392520
1029384576
1029392168
1029344872
0.946876 0.698907 0.181910
4
0
1029383608
0
1029384576
1029343336
0.926296 0.818416 0.188989
4
0
1029383608
0
1029384752
1029343720
0.726206 1.432212 0.322740
4
0
1029384048
0
1029384752
1029344008
0.690199 1.460932 0.328130
4
0
1029384048
0
1029383696
1029343816
0.519086 1.488612 0.476151
5
0
0
0
1029383696
1029384136
1029345640
0.470577 1.534255 0.375025
4
1029384312
1029396976
1029384136
1029396008
1029344200
0.433716 1.575912 0.360903
3
1029384312
0
0
1029344968
-0.568358 -1.147939 0.202780
3
0
1029380968
1029390232
1029344104
-0.518295 -0.965122 0.182965
4
1029380968
0
0
1029381144
1029345544
-0.276016 -0.559759 0.121769
4
1029383344
0
0
1029381144
1029345160
-0.241140 -0.410598 0.181655
4
1029383344
0
0
1029383080
1029343048
-0.149940 0.294418 0.463252
4
1029381320
0
0
1029383080
1029343240
-0.090431 0.362280 0.495907
4
1029381320
0
0
1029381496
1029345352
0.240237 0.518986 0.349689
5
0
0
1029381496
0
1029383432
1029345448
0.197620 0.602103 0.361724
4
0
1029381584
0
1029383432
1029345736
0.197982 0.774590 0.356126
4
0
1029381584
0
1029382200
1029343432
0.127558 0.937123 0.366641
4
0
1029382376
0
1029382200
1029344296
0.125214 1.142572 0.354712
4
0
1029382376
0
1029381408
1029346792
0.134513 1.209763 0.439100
5
0
0
0
1029381760
1029381408
1029346120
0.083263 1.268612 0.327010
4
1029382112
0
0
1029381760
1029346888
0.061090 1.252644 0.335978
4
0
1029382112
0
1029381232
1029346696
-0.085855 0.789845 0.113223
4
1029383168
0
0
1029381232
1029346504
-0.166939 0.635367 0.062493
4
0
1029383168
0
1029382904
1029346984
-0.384451 0.156862 0.018255
3
1029392696
1029382904
1029396360
1029346312
0.709026 -1.286311 0.356700
3
1029382288
1029392432
1029391816
1029346408
0.717267 -1.097404 0.380736
4
0
1029382288
0
1029381672
1029346600
0.616193 -0.606214 0.423665
4
0
1029381848
0
1029381672
1029346216
0.617605 -0.442623 0.440699
4
0
1029381848
0
1029380792
1029349360
0.689705 0.310906 0.549065
4
0
1029381936
0
1029380792
1029347152
0.650096 0.398252 0.544429
4
0
1029381936
0
1029383520
1029347248
0.424189 0.518986 0.349689
5
0
0
1029383520
0
1029382024
1029347344
0.466806 0.602103 0.361724
4
0
1029382464
0
1029382024
1029348112
0.466444 0.774590 0.356126
4
0
1029382464
0
1029382552
1029348496
0.536868 0.937123 0.366641
4
0
1029382640
0
1029382552
1029349840
0.539212 1.142572 0.354712
4
0
1029382640
0
1029380880
1029347536
0.529913 1.209763 0.439100
5
0
0
1029382728
0
1029380880
1029349648
0.581163 1.268612 0.327010
4
0
1029382816
0
1029382728
1029347920
0.587050 1.255992 0.334603
4
1029382816
0
0
1029382992
1029348016
0.703051 0.781267 0.118366
4
0
1029387184
0
1029382992
1029347728
0.722681 0.668565 0.111720
4
1029387184
0
0
1029385072
1029349936
0.725411 0.154410 0.229915
3
0
1029385072
1029392520
1029348784
-0.181990 -1.247594 0.338968
3
1029386480
1029391904
1029390232
1029347632
-0.124883 -1.068000 0.321254
4
0
1029386480
0
1029387272
1029348592
-0.080677 -0.627760 0.179003
4
0
1029385424
0
1029387272
1029347440
-0.046169 -0.480000 0.238352
4
1029385424
0
0
1029385688
1029347824
0.194291 0.007582 0.475637
4
0
1029387536
0
1029385688
1029348208
0.249108 0.080999 0.503816
4
1029387536
0
0
1029385776
1029348304
0.246560 0.342330 0.350715
4
0
1029386304
0
1029385776
1029350128
0.381980 0.341069 0.320578
4
1029386304
0
0
1029386568
1029348400
0.250641 0.229158 0.461288
4
0
1029385512
0
1029386568
1029348688
0.282731 0.139133 0.468998
4
1029385512
0
0
1029385864
1029349168
0.403161 -0.440162 0.425767
4
0
1029386216
0
1029385864
1029348880
0.401735 -0.602212 0.408854
4
1029386216
0
0
1029385248
1029350032
0.287201 -1.087186 0.370557
4
1029387360
0
0
1029385248
1029349264
0.286881 -1.275085 0.347467
3
1029392960
1029387360
1029391816
1029349072
0.967983 0.150777 0.060573
3
1029391992
1029385160
1029392168
1029349456
0.995861 0.712021 0.018394
4
0
1029386392
0
1029385160
1029348976
0.973360 0.841805 0.025954
4
0
1029386392
0
1029385336
1029349552
0.693313 1.444392 0.097550
4
0
1029385952
0
1029385336
1029349744
0.664489 1.467962 0.105266
4
0
1029385952
0
1029384896
1029350896
0.521361 1.551682 0.000243
5
1029386040
0
1029384896
0
0
1029350992
0.143065 1.551682 0.000243
5
1029386040
0
1029387448
0
0
1029350800
-0.000063 1.467962 0.105266
4
1029386128
0
0
1029387448
1029350416
-0.028887 1.444392 0.097550
4
1029386128
0
0
1029386656
1029351088
-0.342648 0.873351 0.007372
4
1029386744
0
0
1029386656
1029350224
-0.384000 0.809545 -0.018854
4
1029386744
0
0
1029386832
1029350320
-0.580991 0.297772 -0.148559
3
1029392344
1029386832
1029392608
1029350512
0.711035 0.162617 0.087251
3
1029391992
1029386920
1029392256
1029350608
0.771788 0.679457 -0.051390
4
0
1029387096
0
1029386920
1029350704
0.750326 0.804797 -0.044066
4
1029387096
0
0
1029384984
1029354464
0.551898 1.269802 0.109779
4
0
1029388240
0
1029384984
1029354848
0.556687 1.278412 0.119662
4
1029388240
0
0
1029388680
1029356288
0.531488 1.275482 -0.036364
5
0
0
1029388680
0
1029387800
1029356000
0.538122 1.133371 0.042383
4
1029387976
0
0
1029387800
1029353504
0.536749 0.919977 0.051560
4
0
1029387976
0
1029388328
1029356096
0.466314 0.762695 0.137317
4
1029388152
0
0
1029388328
1029353600
0.467131 0.599641 0.141663
4
0
1029388152
0
1029388064
1029354560
0.425657 0.522495 0.119061
5
0
0
1029388416
0
1029388064
1029353312
0.748580 0.428636 -0.022466
4
0
1029388768
0
1029388416
1029353792
0.790800 0.335908 -0.021759
4
0
1029388768
0
1029388504
1029353696
0.632661 -0.426301 0.227588
4
0
1029388592
0
1029388504
1029355424
0.630773 -0.587751 0.216814
4
0
1029388592
0
1029388856
1029355232
0.726955 -1.058271 0.008748
4
0
1029387712
0
1029388856
1029354656
0.720961 -1.245706 -0.006768
3
0
1029387712
1029392784
1029356192
-0.347722 0.196171 -0.113841
3
0
1029389880
1029392344
1029354752
-0.183686 0.708360 -0.089582
4
1029389000
0
0
1029389880
1029353888
-0.121925 0.816834 -0.050327
4
0
1029389000
0
1029391112
1029353984
0.108866 1.262559 0.114901
4
1029390408
0
0
1029391112
1029354944
0.107739 1.278412 0.119662
4
0
1029390408
0
1029390760
1029354080
0.132938 1.275482 -0.036364
5
0
0
1029390760
0
1029389264
1029355040
0.126304 1.133371 0.042383
4
0
1029390320
0
1029389264
1029353408
0.127677 0.919977 0.051560
4
1029390320
0
0
1029391288
1029355520
0.198112 0.762695 0.137317
4
0
1029391464
0
1029391288
1029354176
0.197295 0.599641 0.141663
4
1029391464
0
0
1029389088
1029355136
0.238769 0.522495 0.119061
5
0
0
1029389176
0
1029389088
1029354272
0.054784 0.513257 -0.039723
4
1029390496
0
0
1029389176
1029355328
-0.006879 0.441933 -0.078252
4
1029390496
0
0
1029390672
1029355904
-0.165965 -0.356891 -0.011236
4
1029391376
0
0
1029390672
1029354368
-0.224255 -0.569146 -0.041434
4
1029391376
0
0
1029390848
1029355616
-0.414472 -1.039998 -0.167951
4
1029391024
0
0
1029390848
1029355712
-0.468335 -1.218301 -0.141446
3
1029391024
1029392080
1029392872
1029355808
0.294475 -1.234932 -0.016876
3
1029392960
1029391200
1029392784
1029356960
0.297028 -1.048015 -0.001445
4
0
1029391200
0
1029389352
1029357248
0.416550 -0.584496 0.202419
4
0
1029391552
0
1029389352
1029356672
0.417773 -0.424077 0.213210
4
1029391552
0
0
1029390584
1029356384
0.383815 0.163434 -0.102117
4
0
1029389616
0
1029390584
1029356768
0.347225 0.255853 -0.097878
4
1029389616
0
0
1029391640
1029357056
0.420515 0.359498 0.117061
4
0
1029391728
0
1029391640
1029356864
0.278854 0.336509 0.138678
4
1029391728
0
0
1029389440
1029357152
0.391975 0.226695 -0.025232
4
0
1029389528
0
1029389440
1029356480
0.337293 0.154490 -0.066319
4
1029389528
0
0
1029389704
1029356576
0.029115 -0.426753 0.046040
4
0
1029389792
0
1029389704
1029359528
-0.026421 -0.624915 0.019318
4
1029389792
0
0
1029389968
1029360200
-0.021169 -1.142811 -0.029730
4
1029390056
0
0
1029389968
1029359144
-0.077978 -1.319739 -0.004452
3
1029390056
1029391904
1029392872
1029344968
-0.568358 -1.147939 0.202780
3
0
1029380968
1029390232
1029348784
-0.181990 -1.247594 0.338968
3
1029386480
1029391904
1029390232
1029359144
-0.077978 -1.319739 -0.004452
3
1029390056
1029391904
1029392872
1029355712
-0.468335 -1.218301 -0.141446
3
1029391024
1029392080
1029392872
1029354656
0.720961 -1.245706 -0.006768
3
0
1029387712
1029392784
1029355808
0.294475 -1.234932 -0.016876
3
1029392960
1029391200
1029392784
1029349264
0.286881 -1.275085 0.347467
3
1029392960
1029387360
1029391816
1029346312
0.709026 -1.286311 0.356700
3
1029382288
1029392432
1029391816
1029349936
0.725411 0.154410 0.229915
3
0
1029385072
1029392520
1029344776
0.982170 0.141241 0.203639
3
1029392520
1029384576
1029392168
1029349072
0.967983 0.150777 0.060573
3
1029391992
1029385160
1029392168
1029350512
0.711035 0.162617 0.087251
3
1029391992
1029386920
1029392256
1029356192
-0.347722 0.196171 -0.113841
3
0
1029389880
1029392344
1029350320
-0.580991 0.297772 -0.148559
3
1029392344
1029386832
1029392608
1029345064
-0.618118 0.257121 -0.016482
3
1029392696
1029380032
1029392608
1029346984
-0.384451 0.156862 0.018255
3
1029392696
1029382904
1029396360
1029343912
0.193849 1.534255 0.375025
4
0
1029383960
1029384224
1029396008
1029345640
0.470577 1.534255 0.375025
4
1029384312
1029396976
1029384136
1029396008
1029357608
0.474733 1.710088 0.097631
4
0
1029395920
0
1029396976
1029357704
0.189693 1.710088 0.097631
4
0
1029396800
0
1029395920

