Curves
18
816961856
96
1029152120
0.500000
1029152216
0.700000
1029152312
0.700000
1029152408
0.700000
1029152504
0.700000
1029152600
0.700000
1029152696
0.700000
1029152792
0.700000
1029152888
0.700000
1029152984
0.700000
1029324568
0.700000
1029325528
0.700000
1029324760
0.700000
1029324664
0.700000
1029324856
0.700000
1029325720
0.700000
1029325624
0.700000
1029326008
0.700000
1029325816
0.700000
1029324952
0.700000
1029325432
0.700000
1029325048
0.700000
1029325912
0.700000
1029326104
0.700000
1029326200
0.700000
1029325144
0.700000
1029325240
0.700000
1029325336
0.700000
1029326296
0.700000
1029326392
0.700000
1029326488
0.700000
1029329800
0.700000
1029330472
0.700000
1029329704
0.700000
1029330088
0.700000
1029330184
0.700000
1029329896
0.700000
1029330280
0.700000
1029330376
0.700000
1029330568
0.700000
1029329992
0.700000
1029327592
0.700000
1029327496
0.700000
1029328264
0.700000
1029327976
0.700000
1029328360
0.700000
1029328936
0.700000
1029328744
0.700000
1029326824
0.700000
1029326920
0.700000
1029329224
0.700000
1029327208
0.700000
1029328840
0.700000
1029327016
0.700000
1029328456
0.700000
1029328648
0.700000
1029328552
0.700000
1029327304
0.700000
1029327688
0.700000
1029327784
0.700000
1029329032
0.700000
1029329512
0.700000
1029329128
0.700000
1029329608
0.700000
1029326632
0.700000
1029329320
0.700000
1029328168
0.700000
1029329416
0.700000
1029326728
0.700000
1029327400
0.700000
1029327880
0.700000
1029328072
0.700000
1029327112
0.700000
1029332368
0.700000
1029333520
0.700000
1029331024
0.700000
1029332080
0.700000
1029331504
0.700000
1029332464
0.700000
1029333712
0.700000
1029332944
0.700000
1029330832
0.700000
1029332560
0.700000
1029333424
0.700000
1029332752
0.700000
1029333328
0.700000
1029330928
0.700000
1029331312
0.700000
1029332848
0.700000
1029331600
0.700000
1029333040
0.700000
1029333616
0.700000
1029331888
0.700000
1029330736
0.700000
1029331984
0.700000
1029332272
0.700000
96
956549304
956549392
956549480
956548424
956548512
956548600
956549568
956547808
956548688
956548248
956548336
956548776
956548864
956548952
956549040
956548160
956547720
956547984
956549128
956548072
956549216
1029368160
1029368248
1029367192
1029367280
1029367984
1029368072
1029368336
1029367368
1029367456
1029367544
1029367632
1029367896
1029367720
1029367808
1029364992
1029366224
1029365960
1029366312
1029366928
1029364728
1029366136
1029364904
1029367016
1029365344
1029366048
1029364816
1029366840
1029365080
1029366664
1029366752
1029367104
1029365432
1029365520
1029365168
1029366400
1029366488
1029366576
1029365696
1029364376
1029365256
1029364464
1029365608
1029364552
1029365872
1029364640
1029365784
1029369184
1029369800
1029369624
1029368568
1029369272
1029369536
1029370856
1029369712
1029370504
1029370768
1029370152
1029371032
1029369008
1029369888
1029370416
1029368480
1029368656
1029369976
1029370064
1029370592
1029370944
1029370240
1029370328
1029370680
1029371120
1029371208
1029368744
1029368832
1029369448
0
956560616
816961912
98
1029332176
0.500000
1029332656
0.700000
1029331120
0.700000
1029331696
0.700000
1029333136
0.700000
1029333232
0.700000
1029331216
0.700000
1029331408
0.700000
1029331792
0.700000
1029334576
0.700000
1029334000
0.700000
1029334672
0.700000
1029333808
0.700000
1029333904
0.700000
1029334096
0.700000
1029334192
0.700000
1029334288
0.700000
1029334384
0.700000
1029334480
0.700000
1029335512
0.700000
1029336664
0.700000
1029335608
0.700000
1029336856
0.700000
1029337048
0.700000
1029337240
0.700000
1029337336
0.700000
1029335032
0.700000
1029337528
0.700000
1029335416
0.700000
1029337720
0.700000
1029335896
0.700000
1029335704
0.700000
1029334840
0.700000
1029336760
0.700000
1029335128
0.700000
1029335224
0.700000
1029334936
0.700000
1029337624
0.700000
1029336376
0.700000
1029335800
0.700000
1029336184
0.700000
1029336952
0.700000
1029336472
0.700000
1029336088
0.700000
1029335320
0.700000
1029335992
0.700000
1029336568
0.700000
1029336280
0.700000
1029337144
0.700000
1029337432
0.700000
1029337816
0.700000
1029338104
0.700000
1029337912
0.700000
1029338008
0.700000
1029338776
0.700000
1029338200
0.700000
1029338296
0.700000
1029338488
0.700000
1029338392
0.700000
1029338584
0.700000
1029338680
0.700000
1029340864
0.700000
1029341728
0.700000
1029340768
0.700000
1029341632
0.700000
1029341440
0.700000
1029341824
0.700000
1029340192
0.700000
1029340960
0.700000
1029340672
0.700000
1029341920
0.700000
1029341056
0.700000
1029341152
0.700000
1029341248
0.700000
1029339520
0.700000
1029340384
0.700000
1029341344
0.700000
1029341536
0.700000
1029338944
0.700000
1029339040
0.700000
1029340288
0.700000
1029340480
0.700000
1029339136
0.700000
1029340576
0.700000
1029339232
0.700000
1029339904
0.700000
1029339328
0.700000
1029339424
0.700000
1029339616
0.700000
1029339712
0.700000
1029339808
0.700000
1029340000
0.700000
1029340096
0.700000
1029342784
0.700000
1029342016
0.700000
1029342496
0.700000
1029342112
0.700000
1029342304
0.700000
98
1029368920
1029369096
1029369360
1029372440
1029372352
1029372264
1029371384
1029371296
1029371472
1029371560
1029371736
1029371648
1029371824
1029371912
1029372000
1029372088
1029372176
1029376368
1029376456
1029376544
1029376016
1029375928
1029375400
1029376104
1029375488
1029375576
1029376192
1029376280
1029375664
1029375752
1029375840
1029372848
1029375136
1029373816
1029375224
1029373288
1029372672
1029374168
1029374432
1029375312
1029373992
1029374608
1029373904
1029372760
1029373024
1029374256
1029374080
1029375048
1029374344
1029374520
1029373376
1029374960
1029373112
1029372936
1029374696
1029373200
1029374784
1029374872
1029373464
1029373552
1029373640
1029372584
1029373728
1029379240
1029377832
1029377128
1029377568
1029378712
1029378800
1029378360
1029378096
1029377392
1029377744
1029378976
1029377920
1029378448
1029376688
1029377216
1029377656
1029378624
1029378536
1029378888
1029377304
1029379328
1029379064
1029378272
1029377040
1029379152
1029377480
1029379416
1029376776
1029376864
1029378008
1029376952
1029378184
1029380384
1029379504
1029380208
0
956560616
1029362936
5
1029152120
0.500000
1029342880
0.700000
1029342208
0.700000
1029342688
0.700000
1029342304
0.700000
5
1029379592
1029380120
1029380560
1029380648
1029379680
1
956560616
1029363664
5
1029332272
0.500000
1029345256
0.700000
1029345832
0.700000
1029346024
0.700000
1029332176
0.700000
5
1029379944
1029379768
1029380296
1029379856
1029380472
1
956560616
1029362488
8
1029345064
0.500000
1029344584
0.700000
1029344392
0.700000
1029343528
0.700000
1029344488
0.700000
1029344680
0.700000
1029343912
0.700000
1029343624
0.700000
8
1029380032
1029383784
1029384664
1029383872
1029384488
1029384224
1029383960
1029384400
1
957215768
1029362544
8
1029344776
0.500000
1029344872
0.700000
1029343336
0.700000
1029343720
0.700000
1029344008
0.700000
1029343816
0.700000
1029345640
0.700000
1029344200
0.700000
8
1029384576
1029383608
1029384752
1029384048
1029383696
1029384136
1029384312
1029383256
1
957215768
1029364056
17
1029344968
0.500000
1029344104
0.700000
1029345544
0.700000
1029345160
0.700000
1029343048
0.700000
1029343240
0.700000
1029345352
0.700000
1029345448
0.700000
1029345736
0.700000
1029343432
0.700000
1029344296
0.700000
1029346792
0.700000
1029346120
0.700000
1029346888
0.700000
1029346696
0.700000
1029346504
0.700000
1029346984
0.700000
17
1029380968
1029381144
1029383344
1029383080
1029381320
1029381496
1029383432
1029381584
1029382200
1029382376
1029381408
1029381760
1029382112
1029381232
1029383168
1029382904
1029381056
1
957215768
1029363104
17
1029346312
0.500000
1029346408
0.700000
1029346600
0.700000
1029346216
0.700000
1029349360
0.700000
1029347152
0.700000
1029347248
0.700000
1029347344
0.700000
1029348112
0.700000
1029348496
0.700000
1029349840
0.700000
1029347536
0.700000
1029349648
0.700000
1029347920
0.700000
1029348016
0.700000
1029347728
0.700000
1029349936
0.700000
17
1029382288
1029381672
1029381848
1029380792
1029381936
1029383520
1029382024
1029382464
1029382552
1029382640
1029380880
1029382728
1029382816
1029382992
1029387184
1029385072
1029385600
1
957215768
1029362320
14
1029348784
0.500000
1029347632
0.700000
1029348592
0.700000
1029347440
0.700000
1029347824
0.700000
1029348208
0.700000
1029348304
0.700000
1029350128
0.700000
1029348400
0.700000
1029348688
0.700000
1029349168
0.700000
1029348880
0.700000
1029350032
0.700000
1029349264
0.700000
14
1029386480
1029387272
1029385424
1029385688
1029387536
1029385776
1029386304
1029386568
1029385512
1029385864
1029386216
1029385248
1029387360
1029387008
1
957215768
1029363048
12
1029349072
0.500000
1029349456
0.700000
1029348976
0.700000
1029349552
0.700000
1029349744
0.700000
1029350896
0.700000
1029350992
0.700000
1029350800
0.700000
1029350416
0.700000
1029351088
0.700000
1029350224
0.700000
1029350320
0.700000
12
1029385160
1029386392
1029385336
1029385952
1029384896
1029386040
1029387448
1029386128
1029386656
1029386744
1029386832
1029387624
1
957215768
1029363328
17
1029350512
0.500000
1029350608
0.700000
1029350704
0.700000
1029354464
0.700000
1029354848
0.700000
1029356288
0.700000
1029356000
0.700000
1029353504
0.700000
1029356096
0.700000
1029353600
0.700000
1029354560
0.700000
1029353312
0.700000
1029353792
0.700000
1029353696
0.700000
1029355424
0.700000
1029355232
0.700000
1029354656
0.700000
17
1029386920
1029387096
1029384984
1029388240
1029388680
1029387800
1029387976
1029388328
1029388152
1029388064
1029388416
1029388768
1029388504
1029388592
1029388856
1029387712
1029387888
1
957215768
1029363888
17
1029356192
0.500000
1029354752
0.700000
1029353888
0.700000
1029353984
0.700000
1029354944
0.700000
1029354080
0.700000
1029355040
0.700000
1029353408
0.700000
1029355520
0.700000
1029354176
0.700000
1029355136
0.700000
1029354272
0.700000
1029355328
0.700000
1029355904
0.700000
1029354368
0.700000
1029355616
0.700000
1029355712
0.700000
17
1029389880
1029389000
1029391112
1029390408
1029390760
1029389264
1029390320
1029391288
1029391464
1029389088
1029389176
1029390496
1029390672
1029391376
1029390848
1029391024
1029390936
1
957215768
1029363944
14
1029355808
0.500000
1029356960
0.700000
1029357248
0.700000
1029356672
0.700000
1029356384
0.700000
1029356768
0.700000
1029357056
0.700000
1029356864
0.700000
1029357152
0.700000
1029356480
0.700000
1029356576
0.700000
1029359528
0.700000
1029360200
0.700000
1029359144
0.700000
14
1029391200
1029389352
1029391552
1029390584
1029389616
1029391640
1029391728
1029389440
1029389528
1029389704
1029389792
1029389968
1029390056
1029390144
1
957215768
1029362992
4
1029344968
0.500000
1029348784
0.700000
1029359144
0.700000
1029355712
0.700000
4
1029390232
1029391904
1029392872
1029392080
0
957215768
1029363776
4
1029354656
0.500000
1029355808
0.700000
1029349264
0.700000
1029346312
0.700000
4
1029392784
1029392960
1029391816
1029392432
0
957215768
1029363720
4
1029349936
0.500000
1029344776
0.700000
1029349072
0.700000
1029350512
0.700000
4
1029392520
1029392168
1029391992
1029392256
0
957215768
1029362712
4
1029356192
0.500000
1029350320
0.700000
1029345064
0.700000
1029346984
0.700000
4
1029392344
1029392608
1029392696
1029396360
0
957215768
1029364000
4
1029343912
0.500000
1029345640
0.700000
1029357608
0.700000
1029357704
0.700000
4
1029396008
1029396976
1029395920
1029396800
0
957215768

