Segments
348
956549304
-1
0
816961856
1029396888 1029396712
0.212782 2.030442 0.540924
0.189592 1.891598 0.556216
0.212782 1.719222 0.533003
956549392
-1
0
816961856
1029396448 1029397064
0.212782 1.719222 0.533003
0.239364 1.690252 0.457377
0.270542 1.674642 0.359142
956549480
-1
0
816961856
1029396096 1029396184
0.270542 1.674642 0.359142
0.281964 1.620253 0.314450
0.270542 1.560362 0.312721
956548424
-1
0
816961856
1029396272 1029396536
0.270542 1.560362 0.312721
0.225235 1.500762 0.393951
0.158460 1.467152 0.453279
956548512
-1
0
816961856
1029396624 1029393808
0.158460 1.467152 0.453279
0.081433 1.452208 0.401157
-0.003511 1.445949 0.304190
956548600
-1
0
816961856
1029394600 1029393544
-0.003511 1.445949 0.304190
-0.022490 1.440943 0.298052
-0.036686 1.426032 0.297115
956549568
-1
0
816961856
1029395392 1029393984
-0.036686 1.426032 0.297115
-0.161474 1.128235 0.225532
-0.285596 0.829939 0.148510
956547808
-1
0
816961856
1029394952 1029394248
-0.285596 0.829939 0.148510
-0.316838 0.781641 0.127012
-0.350245 0.734663 0.104385
956548688
-1
0
816961856
1029393632 1029395480
-0.350245 0.734663 0.104385
-0.477264 0.497387 0.030659
-0.590932 0.252662 -0.036000
956548248
-1
0
816961856
1029394336 1029395568
-0.590932 0.252662 -0.036000
-0.618932 0.181066 -0.046818
-0.617915 0.110579 -0.060979
956548336
-1
0
816961856
1029395656 1029393192
-0.617915 0.110579 -0.060979
-0.583664 0.032979 -0.095043
-0.529061 -0.037712 -0.136694
956548776
-1
0
816961856
1029395744 1029394688
-0.529061 -0.037712 -0.136694
-0.519201 -0.053011 -0.148088
-0.505758 -0.062696 -0.155482
956548864
-1
0
816961856
1029395832 1029394776
-0.505758 -0.062696 -0.155482
-0.489379 -0.066531 -0.154161
-0.475586 -0.062470 -0.145331
956548952
-1
0
816961856
1029395040 1029394864
-0.475586 -0.062470 -0.145331
-0.470603 -0.052982 -0.130311
-0.468716 -0.037260 -0.116392
956549040
-1
0
816961856
1029394072 1029393368
-0.468716 -0.037260 -0.116392
-0.438224 0.040802 -0.076996
-0.409042 0.120924 -0.039432
956548160
-1
0
816961856
1029393104 1029393280
-0.409042 0.120924 -0.039432
-0.406005 0.145238 -0.020480
-0.401009 0.170736 -0.007691
956547720
-1
0
816961856
1029395128 1029393456
-0.401009 0.170736 -0.007691
-0.299914 0.412584 0.019790
-0.191513 0.652928 0.047403
956547984
-1
0
816961856
1029395216 1029393896
-0.191513 0.652928 0.047403
-0.149944 0.728561 0.065414
-0.112675 0.802143 0.096807
956549128
-1
0
816961856
1029394424 1029394512
-0.112675 0.802143 0.096807
-0.031699 1.039634 0.203200
0.051885 1.271761 0.309704
956548072
-1
0
816961856
1029393720 1029394160
0.051885 1.271761 0.309704
0.072536 1.294115 0.310035
0.096727 1.297002 0.314026
956549216
-1
0
816961856
1029395304 1030460552
0.096727 1.297002 0.314026
0.136039 1.269046 0.379365
0.158460 1.224703 0.420142
1029368160
-1
0
816961856
1030461432 1030460992
0.158460 1.224703 0.420142
0.159285 1.193624 0.383246
0.150736 1.150362 0.333640
1029368248
-1
0
816961856
1030460464 1030461168
0.150736 1.150362 0.333640
0.143206 1.049403 0.329345
0.150736 0.942222 0.342294
1029367192
-1
0
816961856
1030459232 1030459936
0.150736 0.942222 0.342294
0.185365 0.860874 0.337295
0.221167 0.779764 0.331801
1029367280
-1
0
816961856
1030460640 1030458704
0.221167 0.779764 0.331801
0.224172 0.694335 0.336062
0.221167 0.607707 0.337846
1029367984
-1
0
816961856
1030458880 1030460024
0.221167 0.607707 0.337846
0.247242 0.553079 0.321917
0.248843 0.514081 0.317165
1029368072
-1
0
816961856
1030460288 1030460816
0.248843 0.514081 0.317165
0.098694 0.424895 0.393761
-0.077384 0.343793 0.470530
1029368336
-1
0
816961856
1030461080 1030460376
-0.077384 0.343793 0.470530
-0.108005 0.323057 0.465310
-0.122360 0.291045 0.443657
1029367368
-1
0
816961856
1030460112 1030460728
-0.122360 0.291045 0.443657
-0.169452 -0.056732 0.302359
-0.210413 -0.410309 0.167103
1029367456
-1
0
816961856
1030460904 1030461256
-0.210413 -0.410309 0.167103
-0.220061 -0.467800 0.148103
-0.242415 -0.523718 0.143541
1029367544
-1
0
816961856
1030460200 1030459760
-0.242415 -0.523718 0.143541
-0.366969 -0.750558 0.150030
-0.490556 -0.978250 0.168331
1029367632
-1
0
816961856
1030459672 1030461344
-0.490556 -0.978250 0.168331
-0.530998 -1.058927 0.187285
-0.539331 -1.136289 0.189457
1029367896
-1
0
816961856
1030458792 1030458968
-0.539331 -1.136289 0.189457
-0.493805 -1.217972 0.136709
-0.446340 -1.295002 0.084879
1029367720
-1
0
816961856
1030459056 1030459144
-0.446340 -1.295002 0.084879
-0.462725 -1.341828 0.087725
-0.493746 -1.383062 0.123121
1029367808
-1
0
816961856
1030459320 1030459408
-0.493746 -1.383062 0.123121
-0.507070 -1.424610 0.189253
-0.512889 -1.463091 0.262446
1029364992
-1
0
816961856
1030459496 1030459584
-0.512889 -1.463091 0.262446
-0.518344 -1.480822 0.275521
-0.517221 -1.499607 0.283366
1029366224
-1
0
816961856
1030459848 1030461784
-0.517221 -1.499607 0.283366
-0.505416 -1.510761 0.291826
-0.487586 -1.512443 0.295634
1029365960
-1
0
816961856
1030463720 1030462664
-0.487586 -1.512443 0.295634
-0.470374 -1.501717 0.295295
-0.453612 -1.488745 0.286986
1029366312
-1
0
816961856
1030462928 1030464248
-0.453612 -1.488745 0.286986
-0.380836 -1.474010 0.238326
-0.316306 -1.449475 0.190139
1029366928
-1
0
816961856
1030461520 1030463456
-0.316306 -1.449475 0.190139
-0.287410 -1.409487 0.155034
-0.268902 -1.361424 0.151897
1029364728
-1
0
816961856
1030461608 1030463808
-0.268902 -1.361424 0.151897
-0.227104 -1.297606 0.232651
-0.189616 -1.227783 0.312410
1029366136
-1
0
816961856
1030463896 1030461696
-0.189616 -1.227783 0.312410
-0.159969 -1.154670 0.319588
-0.140841 -1.069745 0.291283
1029364904
-1
0
816961856
1030463104 1030462752
-0.140841 -1.069745 0.291283
-0.115730 -0.841365 0.210311
-0.094102 -0.614764 0.150597
1029367016
-1
0
816961856
1030463984 1030462840
-0.094102 -0.614764 0.150597
-0.083217 -0.536299 0.165866
-0.058742 -0.463574 0.211369
1029365344
-1
0
816961856
1030464072 1030464160
-0.058742 -0.463574 0.211369
0.054515 -0.214525 0.331248
0.181122 0.028069 0.451914
1029366048
-1
0
816961856
1030462136 1030463016
0.181122 0.028069 0.451914
0.206848 0.054248 0.475060
0.226098 0.080819 0.478786
1029364816
-1
0
816961856
1030461872 1030461960
0.226098 0.080819 0.478786
0.225421 0.228802 0.397370
0.248843 0.347343 0.317165
1029366840
-1
0
816961856
1030462400 1030462576
0.248843 0.347343 0.317165
0.341531 0.373222 0.297723
0.415583 0.347343 0.317165
1029365080
-1
0
816961856
1030462048 1030463632
0.415583 0.347343 0.317165
0.364436 0.294741 0.378202
0.279017 0.216081 0.447740
1029366664
-1
0
816961856
1030463368 1030462224
0.279017 0.216081 0.447740
0.286640 0.186201 0.455123
0.309160 0.148112 0.449486
1029366752
-1
0
816961856
1030462312 1030462488
0.309160 0.148112 0.449486
0.375755 -0.142607 0.427502
0.428718 -0.435681 0.403702
1029367104
-1
0
816961856
1030463544 1030463192
0.428718 -0.435681 0.403702
0.437015 -0.512195 0.399028
0.427475 -0.588461 0.393770
1029365432
-1
0
816961856
1030463280 1030466096
0.427475 -0.588461 0.393770
0.369212 -0.838216 0.371070
0.311649 -1.087986 0.346859
1029365520
-1
0
816961856
1030465392 1030464424
0.311649 -1.087986 0.346859
0.296559 -1.188291 0.348401
0.308006 -1.269293 0.328605
1029365168
-1
0
816961856
1030464688 1030465744
0.308006 -1.269293 0.328605
0.350181 -1.300641 0.259035
0.397535 -1.324575 0.196618
1029366400
-1
0
816961856
1030465480 1030466448
0.397535 -1.324575 0.196618
0.399538 -1.371481 0.202264
0.399674 -1.420586 0.243945
1029366488
-1
0
816961856
1030465568 1030465920
0.399674 -1.420586 0.243945
0.433016 -1.460876 0.309922
0.476516 -1.494337 0.379704
1029366576
-1
0
816961856
1030465040 1030466360
0.476516 -1.494337 0.379704
0.484602 -1.511313 0.392536
0.496505 -1.526740 0.398172
1029365696
-1
0
816961856
1030464776 1030464512
0.496505 -1.526740 0.398172
0.514165 -1.530794 0.400804
0.530957 -1.524266 0.397523
1029364376
-1
0
816961856
1030465832 1030464864
0.530957 -1.524266 0.397523
0.540377 -1.507191 0.391573
0.545422 -1.489408 0.378405
1029365256
-1
0
816961856
1030465656 1030466008
0.545422 -1.489408 0.378405
0.577068 -1.455173 0.309860
0.600565 -1.415336 0.245532
1029364464
-1
0
816961856
1030464600 1030464952
0.600565 -1.415336 0.245532
0.597208 -1.364704 0.203105
0.598426 -1.319314 0.198207
1029365608
-1
0
816961856
1030465128 1030466184
0.598426 -1.319314 0.198207
0.645504 -1.302673 0.264636
0.689627 -1.277863 0.337959
1029364552
-1
0
816961856
1030466536 1030466624
0.689627 -1.277863 0.337959
0.704823 -1.198674 0.358330
0.693966 -1.097025 0.355900
1029365872
-1
0
816961856
1030466712 1030466272
0.693966 -1.097025 0.355900
0.644615 -0.850554 0.376838
0.593939 -0.604148 0.397960
1029364640
-1
0
816961856
1030465216 1030465304
0.593939 -0.604148 0.397960
0.587937 -0.521401 0.405330
0.595339 -0.438310 0.415287
1029365784
-1
0
816961856
1030464336 1030469544
0.595339 -0.438310 0.415287
0.636772 -0.063277 0.469179
0.670587 0.309620 0.520903
1029369184
-1
0
816961856
1030469104 1030466992
0.670587 0.309620 0.520903
0.664394 0.349791 0.528183
0.640443 0.377588 0.519157
1029369800
-1
0
816961856
1030469368 1030469192
0.640443 0.377588 0.519157
0.518087 0.444105 0.413428
0.415583 0.514081 0.317165
1029369624
-1
0
816961856
1030469632 1030467960
0.415583 0.514081 0.317165
0.419662 0.553147 0.319226
0.443259 0.607707 0.337846
1029368568
-1
0
816961856
1030466904 1030467432
0.443259 0.607707 0.337846
0.440254 0.694335 0.336062
0.443259 0.779764 0.331801
1029369272
-1
0
816961856
1030467784 1030468840
0.443259 0.779764 0.331801
0.479061 0.860874 0.337295
0.513690 0.942222 0.342294
1029369536
-1
0
816961856
1030468752 1030468928
0.513690 0.942222 0.342294
0.521220 1.049403 0.329345
0.513690 1.150362 0.333640
1029370856
-1
0
816961856
1030467520 1030469456
0.513690 1.150362 0.333640
0.505141 1.193624 0.383246
0.505966 1.224703 0.420142
1029369712
-1
0
816961856
1030469016 1030468488
0.505966 1.224703 0.420142
0.529266 1.268304 0.380454
0.567699 1.297002 0.314026
1029370504
-1
0
816961856
1030467256 1030467080
0.567699 1.297002 0.314026
0.585157 1.293494 0.309641
0.599426 1.274212 0.308703
1029370768
-1
0
816961856
1030467344 1030469280
0.599426 1.274212 0.308703
0.670579 1.036308 0.201949
0.731899 0.791149 0.103328
1029370152
-1
0
816961856
1030467168 1030467608
0.731899 0.791149 0.103328
0.746859 0.732007 0.089485
0.752852 0.669816 0.096095
1029371032
-1
0
816961856
1030467696 1030467872
0.752852 0.669816 0.096095
0.753756 0.411148 0.149591
0.746953 0.152231 0.203701
1029369008
-1
0
816961856
1030468048 1030468136
0.746953 0.152231 0.203701
0.740569 0.103065 0.206833
0.741255 0.056636 0.194363
1029369888
-1
0
816961856
1030468224 1030468312
0.741255 0.056636 0.194363
0.767690 -0.025187 0.161251
0.800929 -0.101548 0.117403
1029370416
-1
0
816961856
1030468400 1030468576
0.800929 -0.101548 0.117403
0.802816 -0.117270 0.103484
0.807799 -0.126758 0.088464
1029368480
-1
0
816961856
1030468664 1030469896
0.807799 -0.126758 0.088464
0.821592 -0.130819 0.079634
0.837971 -0.126984 0.078313
1029368656
-1
0
816961856
1030471392 1030470248
0.837971 -0.126984 0.078313
0.851414 -0.117299 0.085707
0.861274 -0.102000 0.097101
1029369976
-1
0
816961856
1030471568 1030471216
0.861274 -0.102000 0.097101
0.911008 -0.030991 0.138807
0.950128 0.046291 0.172816
1029370064
-1
0
816961856
1030470072 1030471304
0.950128 0.046291 0.172816
0.959057 0.091713 0.183051
0.955827 0.141885 0.182154
1029370592
-1
0
816961856
1030471480 1030472184
0.955827 0.141885 0.182154
0.947134 0.419759 0.167189
0.931032 0.697259 0.151872
1029370944
-1
0
816961856
1030470160 1030472096
0.931032 0.697259 0.151872
0.925453 0.759274 0.150607
0.910080 0.818593 0.159106
1029370240
-1
0
816961856
1030470336 1030471832
0.910080 0.818593 0.159106
0.812395 1.122765 0.227682
0.703008 1.420242 0.300953
1029370328
-1
0
816961856
1030471656 1030470600
0.703008 1.420242 0.300953
0.689951 1.436633 0.301072
0.671281 1.443032 0.306277
1029370680
-1
0
816961856
1030471744 1030471920
0.671281 1.443032 0.306277
0.584747 1.451316 0.401833
0.505966 1.467152 0.453279
1029371120
-1
0
816961856
1030469808 1030472272
0.505966 1.467152 0.453279
0.438986 1.500974 0.393775
0.393884 1.560362 0.312721
1029371208
-1
0
816961856
1030470424 1030470952
0.393884 1.560362 0.312721
0.382462 1.620253 0.314450
0.393884 1.674642 0.359142
1029368744
-1
0
816961856
1030470864 1030470688
0.393884 1.674642 0.359142
0.425062 1.690252 0.457377
0.451644 1.719222 0.533003
1029368832
-1
0
816961856
1030472008 1030469984
0.451644 1.719222 0.533003
0.481592 1.882792 0.555992
0.451644 2.030442 0.540924
1029369448
-1
0
816961856
1030472360 1030470512
0.451644 2.030442 0.540924
0.327028 2.070977 0.541956
0.212782 2.030442 0.540924
1029368920
-1
0
816961912
1030472448 1030469720
0.388816 1.873783 0.004373
0.424457 1.844039 0.043305
0.445418 1.803402 0.109569
1029369096
-1
0
816961912
1030470776 1030471040
0.445418 1.803402 0.109569
0.461627 1.758742 0.223190
0.451644 1.724982 0.306666
1029369360
-1
0
816961912
1030471128 1030474648
0.451644 1.724982 0.306666
0.424306 1.727332 0.290229
0.393884 1.721062 0.244869
1029372440
-1
0
816961912
1030472888 1030474736
0.393884 1.721062 0.244869
0.380994 1.663616 0.224423
0.393884 1.606782 0.198448
1029372352
-1
0
816961912
1030473064 1030474384
0.393884 1.606782 0.198448
0.438796 1.559393 0.088696
0.505966 1.526722 0.017450
1029372264
-1
0
816961912
1030473856 1030473240
0.505966 1.526722 0.017450
0.571824 1.490518 0.052097
0.647085 1.450782 0.128887
1029371384
-1
0
816961912
1030474120 1030474472
0.647085 1.450782 0.128887
0.665086 1.442607 0.130210
0.678812 1.427992 0.123564
1029371296
-1
0
816961912
1030472624 1030474824
0.678812 1.427992 0.123564
0.818719 1.133349 0.081263
0.944890 0.831614 0.041497
1029371472
-1
0
816961912
1030472976 1030473592
0.944890 0.831614 0.041497
0.963243 0.772559 0.033983
0.965842 0.710282 0.034264
1029371560
-1
0
816961912
1030472712 1030473680
0.965842 0.710282 0.034264
0.960137 0.431193 0.060627
0.946489 0.151746 0.086899
1029371736
-1
0
816961912
1030473768 1030472800
0.946489 0.151746 0.086899
0.949508 0.101765 0.086274
0.940791 0.056152 0.077561
1029371648
-1
0
816961912
1030473152 1030474912
0.940791 0.056152 0.077561
0.895791 -0.014338 0.057396
0.842167 -0.081697 0.039859
1029371824
-1
0
816961912
1030474560 1030473328
0.842167 -0.081697 0.039859
0.835918 -0.101452 0.041956
0.828418 -0.116832 0.049692
1029371912
-1
0
816961912
1030473416 1030472536
0.828418 -0.116832 0.049692
0.813542 -0.122264 0.055516
0.798246 -0.116607 0.059843
1029372000
-1
0
816961912
1030474208 1030474296
0.798246 -0.116607 0.059843
0.787812 -0.101753 0.059670
0.781823 -0.081246 0.060162
1029372088
-1
0
816961912
1030473504 1030473944
0.781823 -0.081246 0.060162
0.752368 -0.008224 0.079879
0.731917 0.066498 0.099108
1029372176
-1
0
816961912
1030474032 1030478976
0.731917 0.066498 0.099108
0.730392 0.113904 0.110138
0.737615 0.162092 0.108446
1029376368
-1
0
816961912
1030480296 1030478712
0.737615 0.162092 0.108446
0.766773 0.422547 0.043032
0.787662 0.682838 -0.021514
1029376456
-1
0
816961912
1030478184 1030479240
0.787662 0.682838 -0.021514
0.785100 0.744782 -0.026908
0.766710 0.804171 -0.014280
1029376544
-1
0
816961912
1030478096 1030478272
0.766710 0.804171 -0.014280
0.677140 1.046680 0.055652
0.575229 1.281962 0.131313
1029376016
-1
0
816961912
1030477920 1030478360
0.575229 1.281962 0.131313
0.559102 1.299289 0.140920
0.543502 1.304752 0.136637
1029375928
-1
0
816961912
1030480472 1030478448
0.543502 1.304752 0.136637
0.517574 1.308959 0.045967
0.505966 1.284272 -0.015689
1029375400
-1
0
816961912
1030480560 1030478888
0.505966 1.284272 -0.015689
0.506554 1.224330 0.011442
0.513690 1.139201 0.065297
1029376104
-1
0
816961912
1030480384 1030478536
0.513690 1.139201 0.065297
0.520847 1.034000 0.069758
0.513690 0.931064 0.073951
1029375488
-1
0
816961912
1030479768 1030479592
0.513690 0.931064 0.073951
0.479061 0.852104 0.116301
0.443259 0.773719 0.159744
1029375576
-1
0
816961912
1030478624 1030480648
0.443259 0.773719 0.159744
0.440584 0.689966 0.171411
0.443259 0.601662 0.165789
1029376192
-1
0
816961912
1030480208 1030478800
0.443259 0.601662 0.165789
0.417545 0.548872 0.163562
0.415583 0.514081 0.150425
1029376280
-1
0
816961912
1030479064 1030479504
0.415583 0.514081 0.150425
0.563632 0.457596 0.071128
0.731936 0.404494 -0.005204
1029375664
-1
0
816961912
1030479152 1030479328
0.731936 0.404494 -0.005204
0.759003 0.377400 -0.012580
0.762079 0.336525 -0.003459
1029375752
-1
0
816961912
1030479416 1030478008
0.762079 0.336525 -0.003459
0.687217 -0.040455 0.129022
0.607131 -0.421187 0.249549
1029375840
-1
0
816961912
1030479680 1030479856
0.607131 -0.421187 0.249549
0.597203 -0.508379 0.260890
0.605220 -0.594426 0.238323
1029372848
-1
0
816961912
1030479944 1030480032
0.605220 -0.594426 0.238323
0.653773 -0.830523 0.135677
0.702380 -1.066238 0.030947
1029375136
-1
0
816961912
1030480120 1030482672
0.702380 -1.066238 0.030947
0.712422 -1.147393 0.009029
0.698701 -1.224737 0.016471
1029373816
-1
0
816961912
1030482584 1030483024
0.698701 -1.224737 0.016471
0.650607 -1.297693 0.051182
0.600424 -1.366603 0.102171
1029375224
-1
0
816961912
1030482760 1030481968
0.600424 -1.366603 0.102171
0.598494 -1.419007 0.120321
0.602562 -1.462625 0.149496
1029373288
-1
0
816961912
1030482232 1030480912
0.602562 -1.462625 0.149496
0.579857 -1.512315 0.238769
0.548767 -1.546383 0.339459
1029372672
-1
0
816961912
1030481880 1030482848
0.548767 -1.546383 0.339459
0.543556 -1.551318 0.361565
0.532630 -1.552758 0.378050
1029374168
-1
0
816961912
1030482936 1030480736
0.532630 -1.552758 0.378050
0.515575 -1.554799 0.384394
0.498178 -1.555223 0.378699
1029374432
-1
0
816961912
1030480824 1030482320
0.498178 -1.555223 0.378699
0.486617 -1.555555 0.362549
0.479861 -1.551312 0.340759
1029375312
-1
0
816961912
1030482496 1030483112
0.479861 -1.551312 0.340759
0.436073 -1.517994 0.238803
0.401671 -1.467885 0.147908
1029373992
-1
0
816961912
1030481000 1030481088
0.401671 -1.467885 0.147908
0.401230 -1.425112 0.119267
0.399532 -1.371864 0.100582
1029374608
-1
0
816961912
1030481176 1030481264
0.399532 -1.371864 0.100582
0.356397 -1.295934 0.045465
0.317079 -1.216167 0.007118
1029373904
-1
0
816961912
1030481704 1030481352
0.317079 -1.216167 0.007118
0.307406 -1.137778 -0.000634
0.320063 -1.057199 0.021907
1029372760
-1
0
816961912
1030481440 1030482056
0.320063 -1.057199 0.021907
0.379785 -0.824994 0.125690
0.438559 -0.592370 0.227193
1029373024
-1
0
816961912
1030481528 1030481616
0.438559 -0.592370 0.227193
0.446174 -0.505131 0.252919
0.440509 -0.418559 0.237965
1029374256
-1
0
816961912
1030481792 1030482144
0.440509 -0.418559 0.237965
0.426342 -0.119350 0.089129
0.400653 0.175018 -0.074875
1029374080
-1
0
816961912
1030482408 1030477568
0.400653 0.175018 -0.074875
0.383769 0.213703 -0.090165
0.370510 0.242985 -0.076621
1029375048
-1
0
816961912
1030475808 1030476600
0.370510 0.242985 -0.076621
0.407919 0.307465 0.043414
0.415583 0.347343 0.150425
1029374344
-1
0
816961912
1030475544 1030477392
0.415583 0.347343 0.150425
0.327797 0.363796 0.178249
0.248843 0.347343 0.150425
1029374520
-1
0
816961912
1030475984 1030476952
0.248843 0.347343 0.150425
0.289757 0.294345 0.075338
0.359752 0.219496 -0.017114
1029373376
-1
0
816961912
1030476248 1030475632
0.359752 0.219496 -0.017114
0.346268 0.196711 -0.040033
0.314777 0.166747 -0.043986
1029374960
-1
0
816961912
1030477480 1030476336
0.314777 0.166747 -0.043986
0.150565 -0.121188 0.011192
0.000809 -0.417680 0.062547
1029373112
-1
0
816961912
1030477656 1030477744
0.000809 -0.417680 0.062547
-0.040205 -0.514896 0.056437
-0.055517 -0.619014 0.035889
1029372936
-1
0
816961912
1030475192 1030477832
-0.055517 -0.619014 0.035889
-0.053969 -0.878648 0.004948
-0.051250 -1.138285 -0.014546
1029374696
-1
0
816961912
1030476688 1030475104
-0.051250 -1.138285 -0.014546
-0.061427 -1.224164 -0.011075
-0.100027 -1.296328 0.006583
1029373200
-1
0
816961912
1030476776 1030477040
-0.100027 -1.296328 0.006583
-0.172522 -1.356533 0.029233
-0.252176 -1.410995 0.058483
1029374784
-1
0
816961912
1030476864 1030476072
-0.252176 -1.410995 0.058483
-0.276368 -1.459975 0.072537
-0.299583 -1.499055 0.096724
1029374872
-1
0
816961912
1030475368 1030475280
-0.299583 -1.499055 0.096724
-0.376590 -1.531247 0.167363
-0.460609 -1.544008 0.246107
1029373464
-1
0
816961912
1030475456 1030477128
-0.460609 -1.544008 0.246107
-0.475375 -1.544793 0.263989
-0.491083 -1.540069 0.275195
1029373552
-1
0
816961912
1030475720 1030477216
-0.491083 -1.540069 0.275195
-0.508364 -1.534045 0.274601
-0.520721 -1.527243 0.262925
1029373640
-1
0
816961912
1030475896 1030476424
-0.520721 -1.527243 0.262925
-0.524338 -1.523435 0.243804
-0.519886 -1.518354 0.221566
1029372584
-1
0
816961912
1030476512 1030476160
-0.519886 -1.518354 0.221566
-0.502603 -1.481950 0.118406
-0.477020 -1.432633 0.029706
1029373728
-1
0
816961912
1030477304 1030487440
-0.477020 -1.432633 0.029706
-0.450102 -1.393995 0.006195
-0.429614 -1.344573 -0.008535
1029379240
-1
0
816961912
1030487792 1030486296
-0.429614 -1.344573 -0.008535
-0.436124 -1.266180 -0.064945
-0.444293 -1.184357 -0.114572
1029377832
-1
0
816961912
1030488848 1030487616
-0.444293 -1.184357 -0.114572
-0.429428 -1.116326 -0.139693
-0.400965 -1.046790 -0.137498
1029377128
-1
0
816961912
1030487088 1030486648
-0.400965 -1.046790 -0.137498
-0.303734 -0.811659 -0.079599
-0.209247 -0.575210 -0.011536
1029377568
-1
0
816961912
1030487352 1030488056
-0.209247 -0.575210 -0.011536
-0.175325 -0.471970 0.012969
-0.150862 -0.364415 0.018281
1029378712
-1
0
816961912
1030486120 1030486384
-0.150862 -0.364415 0.018281
-0.072639 0.035186 -0.015585
0.011296 0.429721 -0.052243
1029378800
-1
0
816961912
1030487528 1030487704
0.011296 0.429721 -0.052243
0.027647 0.465248 -0.047271
0.056271 0.482471 -0.025371
1029378360
-1
0
816961912
1030488232 1030488408
0.056271 0.482471 -0.025371
0.163653 0.494383 0.065473
0.248843 0.514081 0.150425
1029378096
-1
0
816961912
1030487880 1030487968
0.248843 0.514081 0.150425
0.244258 0.547381 0.166291
0.221167 0.601662 0.165789
1029377392
-1
0
816961912
1030488144 1030488320
0.221167 0.601662 0.165789
0.223842 0.689966 0.171411
0.221167 0.773719 0.159744
1029377744
-1
0
816961912
1030488496 1030488584
0.221167 0.773719 0.159744
0.185365 0.852104 0.116301
0.150736 0.931064 0.073951
1029378976
-1
0
816961912
1030487176 1030487264
0.150736 0.931064 0.073951
0.143579 1.034000 0.069758
0.150736 1.139201 0.065297
1029377920
-1
0
816961912
1030488672 1030488760
0.150736 1.139201 0.065297
0.157872 1.224330 0.011441
0.158460 1.284272 -0.015689
1029378448
-1
0
816961912
1030486208 1030486472
0.158460 1.284272 -0.015689
0.147052 1.309659 0.046014
0.120924 1.304752 0.136637
1029376688
-1
0
816961912
1030486560 1030486736
0.120924 1.304752 0.136637
0.104082 1.297073 0.143836
0.085795 1.276763 0.135068
1029377216
-1
0
816961912
1030486824 1030486912
0.085795 1.276763 0.135068
-0.028673 1.048435 0.058702
-0.139735 0.817742 -0.021659
1029377656
-1
0
816961912
1030487000 1030491312
-0.139735 0.817742 -0.021659
-0.172209 0.765363 -0.045383
-0.201056 0.709820 -0.060667
1029378624
-1
0
816961912
1030489112 1030490872
-0.201056 0.709820 -0.060667
-0.291162 0.456011 -0.076696
-0.375035 0.200907 -0.094567
1029378536
-1
0
816961912
1030489904 1030490168
-0.375035 0.200907 -0.094567
-0.387584 0.165250 -0.111616
-0.399704 0.130786 -0.134687
1029378888
-1
0
816961912
1030488936 1030489024
-0.399704 0.130786 -0.134687
-0.423870 0.057710 -0.157700
-0.449610 -0.016958 -0.173633
1029377304
-1
0
816961912
1030490960 1030489288
-0.449610 -0.016958 -0.173633
-0.455599 -0.037466 -0.174125
-0.466033 -0.052319 -0.173952
1029379328
-1
0
816961912
1030491136 1030491224
-0.466033 -0.052319 -0.173952
-0.481329 -0.057977 -0.178279
-0.496205 -0.052544 -0.184103
1029379064
-1
0
816961912
1030489200 1030490696
-0.496205 -0.052544 -0.184103
-0.503705 -0.037164 -0.191839
-0.509954 -0.017409 -0.193936
1029378272
-1
0
816961912
1030490432 1030489376
-0.509954 -0.017409 -0.193936
-0.570482 0.049797 -0.177360
-0.608578 0.120440 -0.156234
1029377040
-1
0
816961912
1030490520 1030489464
-0.608578 0.120440 -0.156234
-0.601735 0.200264 -0.139623
-0.564958 0.282833 -0.122876
1029379152
-1
0
816961912
1030489552 1030490256
-0.564958 0.282833 -0.122876
-0.466736 0.539516 -0.065144
-0.359788 0.791555 -0.003684
1029377480
-1
0
816961912
1030490784 1030489640
-0.359788 0.791555 -0.003684
-0.339467 0.826672 0.011164
-0.316256 0.860781 0.024267
1029379416
-1
0
816961912
1030490080 1030490608
-0.316256 0.860781 0.024267
-0.161534 1.147372 0.075503
-0.002777 1.431034 0.122480
1029376776
-1
0
816961912
1030491048 1030489728
-0.002777 1.431034 0.122480
0.012313 1.443898 0.130260
0.030398 1.450951 0.129554
1029376864
-1
0
816961912
1030489816 1030489992
0.030398 1.450951 0.129554
0.098804 1.490383 0.052897
0.158460 1.526722 0.017450
1029378008
-1
0
816961912
1030490344 1030485592
0.158460 1.526722 0.017450
0.224886 1.559692 0.088773
0.270542 1.606782 0.198448
1029376952
-1
0
816961912
1030484272 1030485152
0.270542 1.606782 0.198448
0.283432 1.663616 0.224423
0.270542 1.721062 0.244869
1029378184
-1
0
816961912
1030486032 1030484712
0.270542 1.721062 0.244869
0.240120 1.727332 0.290229
0.212782 1.724982 0.306666
1029380384
-1
0
816961912
1030485328 1030484536
0.212782 1.724982 0.306666
0.202799 1.758742 0.223190
0.219008 1.803402 0.109569
1029379504
-1
0
816961912
1030483392 1030483744
0.219008 1.803402 0.109569
0.235295 1.842102 0.046201
0.275610 1.873783 0.004373
1029380208
-1
0
816961912
1030484888 1030484624
0.275610 1.873783 0.004373
0.336029 1.883273 -0.009812
0.388816 1.873783 0.004373
1029379592
-1
0
1029362936
1030485768 1030484800
0.212782 2.030442 0.540924
0.212170 2.034280 0.439049
0.212782 2.036202 0.314587
1029380120
-1
0
1029362936
1030485240 1030484096
0.212782 2.036202 0.314587
0.210210 2.036842 0.224417
0.219008 2.028023 0.138020
1029380560
-1
0
1029362936
1030485680 1030483832
0.219008 2.028023 0.138020
0.246688 2.018064 0.068423
0.275610 1.986093 0.018599
1029380648
-1
0
1029362936
1030483480 1030484976
0.275610 1.986093 0.018599
0.280062 1.937459 0.003463
0.275610 1.873783 0.004373
1029379680
-1
0
1029362936
1030483920 1030485064
0.275610 1.873783 0.004373
0.244196 1.952112 0.272649
0.212782 2.030442 0.540924
1029379944
-1
0
1029363664
1030485416 1030483568
0.451644 2.030442 0.540924
0.452256 2.034280 0.439049
0.451644 2.036202 0.314587
1029379768
-1
0
1029363664
1030484184 1030484008
0.451644 2.036202 0.314587
0.454217 2.036842 0.224417
0.445418 2.028023 0.138020
1029380296
-1
0
1029363664
1030485504 1030485856
0.445418 2.028023 0.138020
0.417738 2.018064 0.068423
0.388816 1.986093 0.018599
1029379856
-1
0
1029363664
1030485944 1030483304
0.388816 1.986093 0.018599
0.384364 1.937459 0.003463
0.388816 1.873783 0.004373
1029380472
-1
0
1029363664
1030484448 1030484360
0.388816 1.873783 0.004373
0.420230 1.952112 0.272649
0.451644 2.030442 0.540924
1029380032
-1
0
1029362488
1030483656 1030497944
-0.618118 0.257121 -0.016482
-0.505952 0.472244 0.050338
-0.368278 0.734557 0.132928
1029383784
-1
0
1029362488
1030499792 1030499352
-0.368278 0.734557 0.132928
-0.336137 0.789630 0.153118
-0.306805 0.846523 0.171509
1029384664
-1
0
1029362488
1030497240 1030499616
-0.306805 0.846523 0.171509
-0.184601 1.144759 0.245596
-0.059656 1.440036 0.317539
1029383872
-1
0
1029362488
1030499440 1030499880
-0.059656 1.440036 0.317539
-0.045313 1.455506 0.320198
-0.025773 1.460932 0.328130
1029384488
-1
0
1029362488
1030498208 1030497152
-0.025773 1.460932 0.328130
0.065067 1.473592 0.420290
0.145340 1.488612 0.476151
1029384224
-1
0
1029362488
1030497680 1030498032
0.145340 1.488612 0.476151
0.172793 1.505520 0.442119
0.193849 1.534255 0.375025
1029383960
-1
0
1029362488
1030499088 1030499000
0.193849 1.534255 0.375025
0.210633 1.552706 0.363950
0.230710 1.575912 0.360903
1029384400
-1
0
1029362488
1030499176 1030497768
0.230710 1.575912 0.360903
-0.193704 0.916516 0.172211
-0.618118 0.257121 -0.016482
1029384576
-1
0
1029362544
1030499704 1030499264
0.982170 0.141241 0.203639
0.968144 0.392425 0.192164
0.946876 0.698907 0.181910
1029383608
-1
0
1029362544
1030498736 1030497504
0.946876 0.698907 0.181910
0.940849 0.759844 0.181157
0.926296 0.818416 0.188989
1029384752
-1
0
1029362544
1030497328 1030497592
0.926296 0.818416 0.188989
0.832244 1.128625 0.253926
0.726206 1.432212 0.322740
1029384048
-1
0
1029362544
1030499528 1030497416
0.726206 1.432212 0.322740
0.711615 1.452292 0.322497
0.690199 1.460932 0.328130
1029383696
-1
0
1029362544
1030497856 1030498120
0.690199 1.460932 0.328130
0.599624 1.474594 0.419089
0.519086 1.488612 0.476151
1029384136
-1
0
1029362544
1030498296 1030498384
0.519086 1.488612 0.476151
0.491633 1.505520 0.442119
0.470577 1.534255 0.375025
1029384312
-1
0
1029362544
1030498472 1030498560
0.470577 1.534255 0.375025
0.453793 1.552706 0.363950
0.433716 1.575912 0.360903
1029383256
-1
0
1029362544
1030498648 1030498824
0.433716 1.575912 0.360903
0.707943 0.858577 0.282271
0.982170 0.141241 0.203639
1029380968
-1
0
1029364056
1030498912 1030502168
-0.568358 -1.147939 0.202780
-0.551691 -1.063099 0.194448
-0.518295 -0.965122 0.182965
1029381144
-1
0
1029364056
1030502432 1030500584
-0.518295 -0.965122 0.182965
-0.396668 -0.761058 0.142412
-0.276016 -0.559759 0.121769
1029383344
-1
0
1029364056
1030501288 1030502608
-0.276016 -0.559759 0.121769
-0.250032 -0.486727 0.141074
-0.241140 -0.410598 0.181655
1029383080
-1
0
1029364056
1030500408 1030500848
-0.241140 -0.410598 0.181655
-0.200815 -0.055239 0.322773
-0.149940 0.294418 0.463252
1029381320
-1
0
1029364056
1030501024 1030502520
-0.149940 0.294418 0.463252
-0.130618 0.335736 0.489605
-0.090431 0.362280 0.495907
1029381496
-1
0
1029364056
1030502080 1030501816
-0.090431 0.362280 0.495907
0.089124 0.438361 0.425769
0.240237 0.518986 0.349689
1029383432
-1
0
1029364056
1030502696 1030502256
0.240237 0.518986 0.349689
0.231263 0.552848 0.350779
0.197620 0.602103 0.361724
1029381584
-1
0
1029364056
1030500936 1030501904
0.197620 0.602103 0.361724
0.199062 0.688378 0.359230
0.197982 0.774590 0.356126
1029382200
-1
0
1029364056
1030499968 1030501376
0.197982 0.774590 0.356126
0.162450 0.855763 0.361934
0.127558 0.937123 0.366641
1029382376
-1
0
1029364056
1030501992 1030501200
0.127558 0.937123 0.366641
0.118750 1.043164 0.352235
0.125214 1.142572 0.354712
1029381408
-1
0
1029364056
1030500056 1030500496
0.125214 1.142572 0.354712
0.133529 1.182862 0.403421
0.134513 1.209763 0.439100
1029381760
-1
0
1029364056
1030501552 1030501464
0.134513 1.209763 0.439100
0.115407 1.245292 0.395258
0.083263 1.268612 0.327010
1029382112
-1
0
1029364056
1030500144 1030501640
0.083263 1.268612 0.327010
0.071453 1.266213 0.330266
0.061090 1.252644 0.335978
1029381232
-1
0
1029364056
1030502344 1030500760
0.061090 1.252644 0.335978
-0.010689 1.022349 0.224812
-0.085855 0.789845 0.113223
1029383168
-1
0
1029364056
1030500232 1030500672
-0.085855 0.789845 0.113223
-0.123137 0.713571 0.079969
-0.166939 0.635367 0.062493
1029382904
-1
0
1029364056
1030500320 1030501728
-0.166939 0.635367 0.062493
-0.276497 0.397461 0.035754
-0.384451 0.156862 0.018255
1029381056
-1
0
1029364056
1030501112 1030504016
-0.384451 0.156862 0.018255
-0.476404 -0.495539 0.110517
-0.568358 -1.147939 0.202780
1029382288
-1
0
1029363104
1030504720 1030503048
0.709026 -1.286311 0.356700
0.718639 -1.200936 0.368503
0.717267 -1.097404 0.380736
1029381672
-1
0
1029363104
1030503576 1030503312
0.717267 -1.097404 0.380736
0.668091 -0.851847 0.402791
0.616193 -0.606214 0.423665
1029381848
-1
0
1029363104
1030504632 1030505424
0.616193 -0.606214 0.423665
0.610326 -0.524606 0.430882
0.617605 -0.442623 0.440699
1029380792
-1
0
1029363104
1030503400 1030503136
0.617605 -0.442623 0.440699
0.659191 -0.064510 0.496815
0.689705 0.310906 0.549065
1029381936
-1
0
1029363104
1030504984 1030504192
0.689705 0.310906 0.549065
0.681214 0.362626 0.556791
0.650096 0.398252 0.544429
1029383520
-1
0
1029363104
1030503840 1030503928
0.650096 0.398252 0.544429
0.526169 0.459067 0.444921
0.424189 0.518986 0.349689
1029382024
-1
0
1029363104
1030503664 1030505512
0.424189 0.518986 0.349689
0.435624 0.552830 0.348069
0.466806 0.602103 0.361724
1029382464
-1
0
1029363104
1030505072 1030502872
0.466806 0.602103 0.361724
0.465364 0.688378 0.359230
0.466444 0.774590 0.356126
1029382552
-1
0
1029363104
1030505248 1030505160
0.466444 0.774590 0.356126
0.501976 0.855763 0.361934
0.536868 0.937123 0.366641
1029382640
-1
0
1029363104
1030502784 1030504104
0.536868 0.937123 0.366641
0.545676 1.043164 0.352235
0.539212 1.142572 0.354712
1029380880
-1
0
1029363104
1030502960 1030503488
0.539212 1.142572 0.354712
0.530897 1.182862 0.403421
0.529913 1.209763 0.439100
1029382728
-1
0
1029363104
1030503752 1030504808
0.529913 1.209763 0.439100
0.550674 1.244243 0.396735
0.581163 1.268612 0.327010
1029382816
-1
0
1029363104
1030504896 1030505336
0.581163 1.268612 0.327010
0.584532 1.265602 0.329956
0.587050 1.255992 0.334603
1029382992
-1
0
1029363104
1030504280 1030503224
0.587050 1.255992 0.334603
0.646222 1.020451 0.223142
0.703051 0.781267 0.118366
1029387184
-1
0
1029363104
1030504368 1030504456
0.703051 0.781267 0.118366
0.716359 0.726340 0.104672
0.722681 0.668565 0.111720
1029385072
-1
0
1029363104
1030504544 1030507536
0.722681 0.668565 0.111720
0.726783 0.411340 0.166171
0.725411 0.154410 0.229915
1029385600
-1
0
1029363104
1030505864 1030507448
0.725411 0.154410 0.229915
0.717219 -0.565951 0.293307
0.709026 -1.286311 0.356700
1029386480
-1
0
1029362320
1030507360 1030507096
-0.181990 -1.247594 0.338968
-0.151430 -1.166740 0.335999
-0.124883 -1.068000 0.321254
1029387272
-1
0
1029362320
1030506128 1030507272
-0.124883 -1.068000 0.321254
-0.100381 -0.846992 0.240978
-0.080677 -0.627760 0.179003
1029385424
-1
0
1029362320
1030506216 1030506392
-0.080677 -0.627760 0.179003
-0.070217 -0.551129 0.193725
-0.046169 -0.480000 0.238352
1029385688
-1
0
1029362320
1030505776 1030506304
-0.046169 -0.480000 0.238352
0.067327 -0.233500 0.357726
0.194291 0.007582 0.475637
1029387536
-1
0
1029362320
1030506480 1030506568
0.194291 0.007582 0.475637
0.226690 0.043865 0.501445
0.249108 0.080999 0.503816
1029385776
-1
0
1029362320
1030506920 1030505688
0.249108 0.080999 0.503816
0.238834 0.224948 0.432652
0.246560 0.342330 0.350715
1029386304
-1
0
1029362320
1030507008 1030505952
0.246560 0.342330 0.350715
0.321301 0.363601 0.318144
0.381980 0.341069 0.320578
1029386568
-1
0
1029362320
1030507184 1030506744
0.381980 0.341069 0.320578
0.328890 0.297613 0.384700
0.250641 0.229158 0.461288
1029385512
-1
0
1029362320
1030506040 1030506832
0.250641 0.229158 0.461288
0.257744 0.189805 0.473826
0.282731 0.139133 0.468998
1029385864
-1
0
1029362320
1030507624 1030507712
0.282731 0.139133 0.468998
0.349585 -0.149567 0.450288
0.403161 -0.440162 0.425767
1029386216
-1
0
1029362320
1030506656 1030505600
0.403161 -0.440162 0.425767
0.411924 -0.521302 0.417418
0.401735 -0.602212 0.408854
1029385248
-1
0
1029362320
1030492136 1030493632
0.401735 -0.602212 0.408854
0.343742 -0.844687 0.390211
0.287201 -1.087186 0.370557
1029387360
-1
0
1029362320
1030493104 1030492400
0.287201 -1.087186 0.370557
0.281576 -1.180603 0.360102
0.286881 -1.275085 0.347467
1029387008
-1
0
1029362320
1030493368 1030493720
0.286881 -1.275085 0.347467
0.052446 -1.261339 0.343218
-0.181990 -1.247594 0.338968
1029385160
-1
0
1029363048
1030491608 1030494072
0.967983 0.150777 0.060573
0.984644 0.403567 0.039120
0.995861 0.712021 0.018394
1029386392
-1
0
1029363048
1030491960 1030492752
0.995861 0.712021 0.018394
0.993518 0.778725 0.018741
0.973360 0.841805 0.025954
1029385336
-1
0
1029363048
1030491696 1030492840
0.973360 0.841805 0.025954
0.840262 1.146455 0.060188
0.693313 1.444392 0.097550
1029385952
-1
0
1029363048
1030492664 1030491784
0.693313 1.444392 0.097550
0.680875 1.459028 0.104919
0.664489 1.467962 0.105266
1029384896
-1
0
1029363048
1030491872 1030493984
0.664489 1.467962 0.105266
0.598888 1.520546 0.044768
0.521361 1.551682 0.000243
1029386040
-1
0
1029363048
1030493808 1030492048
0.521361 1.551682 0.000243
0.332213 1.570974 -0.023958
0.143065 1.551682 0.000243
1029387448
-1
0
1029363048
1030492224 1030494160
0.143065 1.551682 0.000243
0.065538 1.520546 0.044768
-0.000063 1.467962 0.105266
1029386128
-1
0
1029363048
1030492312 1030492488
-0.000063 1.467962 0.105266
-0.016082 1.458816 0.105108
-0.028887 1.444392 0.097550
1029386656
-1
0
1029363048
1030492928 1030494248
-0.028887 1.444392 0.097550
-0.187070 1.159495 0.054417
-0.342648 0.873351 0.007372
1029386744
-1
0
1029363048
1030491520 1030493896
-0.342648 0.873351 0.007372
-0.364886 0.841925 -0.004552
-0.384000 0.809545 -0.018854
1029386832
-1
0
1029363048
1030492576 1030493016
-0.384000 0.809545 -0.018854
-0.484522 0.555074 -0.084888
-0.580991 0.297772 -0.148559
1029387624
-1
0
1029363048
1030493192 1030493280
-0.580991 0.297772 -0.148559
0.193496 0.224275 -0.043993
0.967983 0.150777 0.060573
1029386920
-1
0
1029363328
1030493456 1030493544
0.711035 0.162617 0.087251
0.743445 0.394756 0.019185
0.771788 0.679457 -0.051390
1029387096
-1
0
1029363328
1030494600 1030494336
0.771788 0.679457 -0.051390
0.769846 0.743558 -0.057602
0.750326 0.804797 -0.044066
1029384984
-1
0
1029363328
1030494776 1030496888
0.750326 0.804797 -0.044066
0.653120 1.039795 0.027668
0.551898 1.269802 0.109779
1029388240
-1
0
1029363328
1030494688 1030496976
0.551898 1.269802 0.109779
0.553710 1.276159 0.117532
0.556687 1.278412 0.119662
1029388680
-1
0
1029363328
1030495304 1030496712
0.556687 1.278412 0.119662
0.542407 1.290372 0.024815
0.531488 1.275482 -0.036364
1029387800
-1
0
1029363328
1030494864 1030496184
0.531488 1.275482 -0.036364
0.532760 1.218446 -0.010499
0.538122 1.133371 0.042383
1029387976
-1
0
1029363328
1030496008 1030494952
0.538122 1.133371 0.042383
0.544568 1.025471 0.046969
0.536749 0.919977 0.051560
1029388328
-1
0
1029363328
1030497064 1030496624
0.536749 0.919977 0.051560
0.502170 0.840933 0.093778
0.466314 0.762695 0.137317
1029388152
-1
0
1029363328
1030494512 1030495040
0.466314 0.762695 0.137317
0.465711 0.682494 0.148778
0.467131 0.599641 0.141663
1029388064
-1
0
1029363328
1030495920 1030495480
0.467131 0.599641 0.141663
0.434071 0.552018 0.134929
0.425657 0.522495 0.119061
1029388416
-1
0
1029363328
1030495128 1030495392
0.425657 0.522495 0.119061
0.576636 0.477110 0.044545
0.748580 0.428636 -0.022466
1029388768
-1
0
1029363328
1030494424 1030495216
0.748580 0.428636 -0.022466
0.785888 0.391727 -0.032342
0.790800 0.335908 -0.021759
1029388504
-1
0
1029363328
1030495568 1030496800
0.790800 0.335908 -0.021759
0.717070 -0.043299 0.106973
0.632661 -0.426301 0.227588
1029388592
-1
0
1029363328
1030495656 1030495744
0.632661 -0.426301 0.227588
0.623192 -0.507619 0.238145
0.630773 -0.587751 0.216814
1029388856
-1
0
1029363328
1030496536 1030496448
0.630773 -0.587751 0.216814
0.679859 -0.822794 0.112308
0.726955 -1.058271 0.008748
1029387712
-1
0
1029363328
1030495832 1030496096
0.726955 -1.058271 0.008748
0.729181 -1.149637 -0.006642
0.720961 -1.245706 -0.006768
1029387888
-1
0
1029363328
1030496272 1030496360
0.720961 -1.245706 -0.006768
0.715998 -0.541545 0.040241
0.711035 0.162617 0.087251
1029389880
-1
0
1029363888
1030508352 1030508792
-0.347722 0.196171 -0.113841
-0.276988 0.428911 -0.107621
-0.183686 0.708360 -0.089582
1029389000
-1
0
1029363888
1030509760 1030509848
-0.183686 0.708360 -0.089582
-0.155241 0.764586 -0.074883
-0.121925 0.816834 -0.050327
1029391112
-1
0
1029363888
1030507912 1030509408
-0.121925 0.816834 -0.050327
-0.004462 1.039115 0.032127
0.108866 1.262559 0.114901
1029390408
-1
0
1029363888
1030509584 1030510200
0.108866 1.262559 0.114901
0.109126 1.272729 0.120702
0.107739 1.278412 0.119662
1029390760
-1
0
1029363888
1030509672 1030509936
0.107739 1.278412 0.119662
0.122550 1.291505 0.024359
0.132938 1.275482 -0.036364
1029389264
-1
0
1029363888
1030510024 1030510112
0.132938 1.275482 -0.036364
0.131666 1.218446 -0.010498
0.126304 1.133371 0.042383
1029390320
-1
0
1029363888
1030508264 1030510288
0.126304 1.133371 0.042383
0.119858 1.025471 0.046969
0.127677 0.919977 0.051560
1029391288
-1
0
1029363888
1030509496 1030508528
0.127677 0.919977 0.051560
0.162256 0.840933 0.093778
0.198112 0.762695 0.137317
1029391464
-1
0
1029363888
1030510376 1030510464
0.198112 0.762695 0.137317
0.198715 0.682494 0.148778
0.197295 0.599641 0.141663
1029389088
-1
0
1029363888
1030510552 1030510640
0.197295 0.599641 0.141663
0.227331 0.550171 0.137828
0.238769 0.522495 0.119061
1029389176
-1
0
1029363888
1030508000 1030508088
0.238769 0.522495 0.119061
0.158897 0.516794 0.040869
0.054784 0.513257 -0.039723
1029390496
-1
0
1029363888
1030508616 1030508176
0.054784 0.513257 -0.039723
0.015544 0.490308 -0.069732
-0.006879 0.441933 -0.078252
1029390672
-1
0
1029363888
1030508440 1030508704
-0.006879 0.441933 -0.078252
-0.090862 0.046238 -0.045378
-0.165965 -0.356891 -0.011236
1029391376
-1
0
1029363888
1030508880 1030508968
-0.165965 -0.356891 -0.011236
-0.190281 -0.465213 -0.016785
-0.224255 -0.569146 -0.041434
1029390848
-1
0
1029363888
1030509056 1030509144
-0.224255 -0.569146 -0.041434
-0.318473 -0.804927 -0.111071
-0.414472 -1.039998 -0.167951
1029391024
-1
0
1029363888
1030509232 1030509320
-0.414472 -1.039998 -0.167951
-0.443272 -1.127986 -0.163965
-0.468335 -1.218301 -0.141446
1029390936
-1
0
1029363888
1030513016 1030513280
-0.468335 -1.218301 -0.141446
-0.408029 -0.511065 -0.127644
-0.347722 0.196171 -0.113841
1029391200
-1
0
1029363944
1030510816 1030513368
0.294475 -1.234932 -0.016876
0.290410 -1.148271 -0.017401
0.297028 -1.048015 -0.001445
1029389352
-1
0
1029363944
1030512312 1030513456
0.297028 -1.048015 -0.001445
0.356349 -0.816003 0.099998
0.416550 -0.584496 0.202419
1029391552
-1
0
1029363944
1030512400 1030512664
0.416550 -0.584496 0.202419
0.423262 -0.503913 0.227026
0.417773 -0.424077 0.213210
1029390584
-1
0
1029363944
1030512488 1030511696
0.417773 -0.424077 0.213210
0.406922 -0.128393 0.059977
0.383815 0.163434 -0.102117
1029389616
-1
0
1029363944
1030510992 1030510728
0.383815 0.163434 -0.102117
0.362089 0.215297 -0.117988
0.347225 0.255853 -0.097878
1029391640
-1
0
1029363944
1030510904 1030512576
0.347225 0.255853 -0.097878
0.396028 0.323283 0.010839
0.420515 0.359498 0.117061
1029391728
-1
0
1029363944
1030513104 1030512752
0.420515 0.359498 0.117061
0.347231 0.362247 0.152789
0.278854 0.336509 0.138678
1029389440
-1
0
1029363944
1030511432 1030512048
0.278854 0.336509 0.138678
0.325250 0.289577 0.066482
0.391975 0.226695 -0.025232
1029389528
-1
0
1029363944
1030511872 1030511080
0.391975 0.226695 -0.025232
0.375981 0.195732 -0.058308
0.337293 0.154490 -0.066319
1029389704
-1
0
1029363944
1030511608 1030512840
0.337293 0.154490 -0.066319
0.176492 -0.131610 -0.010716
0.029115 -0.426753 0.046040
1029389792
-1
0
1029363944
1030512136 1030512928
0.029115 -0.426753 0.046040
-0.011241 -0.522453 0.040015
-0.026421 -0.624915 0.019318
1029389968
-1
0
1029363944
1030511168 1030511256
-0.026421 -0.624915 0.019318
-0.023454 -0.884064 -0.011627
-0.021169 -1.142811 -0.029730
1029390056
-1
0
1029363944
1030512224 1030511784
-0.021169 -1.142811 -0.029730
-0.042022 -1.232531 -0.022617
-0.077978 -1.319739 -0.004452
1029390144
-1
0
1029363944
1030511344 1030511960
-0.077978 -1.319739 -0.004452
0.108249 -1.277335 -0.010664
0.294475 -1.234932 -0.016876
1029390232
-1
0
1029362992
1030513192 1030511520
-0.568358 -1.147939 0.202780
-0.401935 -1.183635 0.322461
-0.181990 -1.247594 0.338968
1029391904
-1
0
1029362992
1030513720 1030514864
-0.181990 -1.247594 0.338968
-0.066946 -1.300007 0.189260
-0.077978 -1.319739 -0.004452
1029392872
-1
0
1029362992
1030515128 1030515656
-0.077978 -1.319739 -0.004452
-0.253911 -1.282447 -0.137690
-0.468335 -1.218301 -0.141446
1029392080
-1
0
1029362992
1030515832 1030515216
-0.468335 -1.218301 -0.141446
-0.574582 -1.167540 0.019532
-0.568358 -1.147939 0.202780
1029392784
-1
0
1029363776
1030514952 1030515480
0.720961 -1.245706 -0.006768
0.520681 -1.234096 -0.070306
0.294475 -1.234932 -0.016876
1029392960
-1
0
1029363776
1030515744 1030515920
0.294475 -1.234932 -0.016876
0.221865 -1.253206 0.163565
0.286881 -1.275085 0.347467
1029391816
-1
0
1029363776
1030515040 1030514600
0.286881 -1.275085 0.347467
0.496088 -1.288266 0.420298
0.709026 -1.286311 0.356700
1029392432
-1
0
1029363776
1030514512 1030515304
0.709026 -1.286311 0.356700
0.774176 -1.266587 0.167748
0.720961 -1.245706 -0.006768
1029392520
-1
0
1029363720
1030515392 1030516272
0.725411 0.154410 0.229915
0.848321 0.146516 0.245155
0.982170 0.141241 0.203639
1029392168
-1
0
1029363720
1030516184 1030516008
0.982170 0.141241 0.203639
1.007249 0.144443 0.128786
0.967983 0.150777 0.060573
1029391992
-1
0
1029363720
1030516096 1030513808
0.967983 0.150777 0.060573
0.836330 0.158691 0.041779
0.711035 0.162617 0.087251
1029392256
-1
0
1029363720
1030513544 1030513632
0.711035 0.162617 0.087251
0.690959 0.159695 0.163967
0.725411 0.154410 0.229915
1029392344
-1
0
1029362712
1030513896 1030513984
-0.347722 0.196171 -0.113841
-0.449764 0.251446 -0.155547
-0.580991 0.297772 -0.148559
1029392608
-1
0
1029362712
1030514072 1030514688
-0.580991 0.297772 -0.148559
-0.628800 0.290091 -0.086874
-0.618118 0.257121 -0.016482
1029392696
-1
0
1029362712
1030515568 1030514160
-0.618118 0.257121 -0.016482
-0.509618 0.198016 0.030580
-0.384451 0.156862 0.018255
1029396360
-1
0
1029362712
1030514248 1030514336
-0.384451 0.156862 0.018255
-0.340409 0.166417 -0.046434
-0.347722 0.196171 -0.113841
1029396008
-1
0
1029364000
1030514424 1030514776
0.193849 1.534255 0.375025
0.325791 1.510134 0.413078
0.470577 1.534255 0.375025
1029396976
-1
0
1029364000
1030518560 1030519088
0.470577 1.534255 0.375025
0.525650 1.622398 0.235971
0.474733 1.710088 0.097631
1029395920
-1
0
1029364000
1030517944 1030517504
0.474733 1.710088 0.097631
0.332213 1.738681 0.052522
0.189693 1.710088 0.097631
1029396800
-1
0
1029364000
1030518296 1030518208
0.189693 1.710088 0.097631
0.146399 1.617626 0.243499
0.193849 1.534255 0.375025

