Deformer
Deformer 0
1062646464
0 27 12 1 12 2 1
1063438968
1063439328
1063447888
1063448248
1063448608
1063448968
1063449328
1063449688
1063450048
1063450408
1063450768
1063454768
1063453688
1063454408
1063452248
1063451168
1063451888
1063451528
1063454048
1063452608
1063452968
1063453328
1063460312
1063459952
1063459232
1063460672
1063456352
1062653152
1062654432
1062653088
1062654496
1062654752
1062654560
1062654944
1062653728
1062653856
1062653472
1062653408
1062653024
1062655448
1870696
1870832
1869200
1867296
1867568
1869336
1063433536
1063434896
1063430952
1063433944
1063432992
1063433400
1062617728
1062617664
1063532280
0
