Object
Atom_zero.obj
1027971200
120 120 120 240 240 240 120
1 1
text 0 4 67
 coord 0.438999 0.135032
 uveds 0 3 4 74
text 1 4 68
 coord 0.384746 0.156445
 uveds 0 1 14 15
text 2 4 66
 coord 0.358604 0.186557
 uveds 1 2 75 236
text 3 4 111
 coord 0.397106 0.176144
 uveds 2 3 5 238
text 4 4 109
 coord 0.379393 0.021491
 uveds 4 6 7 11
text 5 4 110
 coord 0.298636 0.096115
 uveds 5 6 8 239
text 6 4 60
 coord 0.326385 0.046351
 uveds 7 9 12 14
text 7 4 65
 coord 0.262799 0.109438
 uveds 8 9 75 235
text 8 4 61
 coord 0.395375 0.023391
 uveds 10 12 13 17
text 9 4 62
 coord 0.457719 0.000000
 uveds 10 11 23 24
text 10 4 69
 coord 0.422222 0.141494
 uveds 13 15 18 20
text 11 4 13
 coord 0.464609 0.143042
 uveds 16 18 19 73
text 12 4 8
 coord 0.460842 0.028218
 uveds 16 17 29 30
text 13 4 70
 coord 0.530644 0.127148
 uveds 19 21 22 26
text 14 4 71
 coord 0.485318 0.121072
 uveds 20 21 23 74
text 15 4 63
 coord 0.526235 0.009766
 uveds 22 24 27 29
text 16 4 64
 coord 0.587548 0.038647
 uveds 25 27 28 32
text 17 4 72
 coord 0.572649 0.147556
 uveds 25 26 38 39
text 18 4 9
 coord 0.522708 0.052428
 uveds 28 30 33 35
text 19 4 10
 coord 0.582692 0.094441
 uveds 31 33 34 72
text 20 4 11
 coord 0.644134 0.083307
 uveds 31 32 44 45
text 21 4 14
 coord 0.548033 0.187714
 uveds 34 36 37 41
text 22 4 15
 coord 0.507240 0.159031
 uveds 35 36 38 73
text 23 4 16
 coord 0.609848 0.178664
 uveds 37 39 42 44
text 24 4 17
 coord 0.639520 0.216594
 uveds 40 42 43 47
text 25 4 18
 coord 0.585150 0.228569
 uveds 40 41 53 54
text 26 4 12
 coord 0.696949 0.145084
 uveds 43 45 48 50
text 27 4 20
 coord 0.742087 0.223413
 uveds 46 48 49 71
text 28 4 19
 coord 0.658544 0.255594
 uveds 46 47 59 60
text 29 4 2
 coord 0.697825 0.248975
 uveds 49 51 52 56
text 30 4 0
 coord 0.642406 0.158616
 uveds 50 51 53 72
text 31 4 1
 coord 0.615507 0.280902
 uveds 52 54 57 59
text 32 4 22
 coord 0.635946 0.340309
 uveds 55 57 58 62
text 33 4 3
 coord 0.735109 0.344039
 uveds 55 56 68 69
text 34 4 23
 coord 0.669632 0.296956
 uveds 58 60 63 65
text 35 4 24
 coord 0.675582 0.348003
 uveds 61 63 64 192
text 36 4 25
 coord 0.646504 0.400845
 uveds 61 62 70 195
text 37 4 26
 coord 0.784274 0.366029
 uveds 64 66 67 193
text 38 4 21
 coord 0.770806 0.301593
 uveds 65 66 68 71
text 39 4 27
 coord 0.752915 0.417802
 uveds 67 69 70 194
text 40 4 112
 coord 0.832715 0.717615
 uveds 76 79 80 166
text 41 4 89
 coord 0.702372 0.697312
 uveds 76 77 90 91
text 42 4 90
 coord 0.701254 0.623207
 uveds 77 78 167 168
text 43 4 93
 coord 0.826629 0.625483
 uveds 78 79 81 170
text 44 4 102
 coord 0.815621 0.755787
 uveds 80 82 83 87
text 45 4 94
 coord 0.806700 0.676526
 uveds 81 82 84 172
text 46 4 91
 coord 0.689462 0.736092
 uveds 83 85 88 90
text 47 4 92
 coord 0.684703 0.674652
 uveds 84 85 167 174
text 48 4 96
 coord 0.677468 0.783175
 uveds 86 88 89 93
text 49 4 103
 coord 0.791108 0.848966
 uveds 86 87 99 100
text 50 4 113
 coord 0.678432 0.767620
 uveds 89 91 94 96
text 51 4 97
 coord 0.628636 0.821494
 uveds 92 94 95 165
text 52 4 98
 coord 0.646795 0.821554
 uveds 92 93 105 106
text 53 4 115
 coord 0.707609 0.934226
 uveds 95 97 98 102
text 54 4 114
 coord 0.796420 0.835723
 uveds 96 97 99 166
text 55 4 105
 coord 0.723120 0.930070
 uveds 98 100 103 105
text 56 4 106
 coord 0.633775 0.977423
 uveds 101 103 104 108
text 57 4 107
 coord 0.602700 0.984697
 uveds 101 102 114 115
text 58 4 99
 coord 0.595680 0.850352
 uveds 104 106 109 111
text 59 4 54
 coord 0.533602 0.864697
 uveds 107 109 110 164
text 60 4 59
 coord 0.540886 0.995819
 uveds 107 108 120 121
text 61 4 100
 coord 0.494972 0.864250
 uveds 110 112 113 117
text 62 4 101
 coord 0.563719 0.852876
 uveds 111 112 114 165
text 63 4 108
 coord 0.501975 1.000000
 uveds 113 115 118 120
text 64 4 104
 coord 0.407972 0.990764
 uveds 116 118 119 123
text 65 4 95
 coord 0.428897 0.858809
 uveds 116 117 129 130
text 66 4 55
 coord 0.449163 0.991206
 uveds 119 121 124 126
text 67 4 56
 coord 0.359519 0.963783
 uveds 122 124 125 163
text 68 4 57
 coord 0.320966 0.959585
 uveds 122 123 135 136
text 69 4 48
 coord 0.406917 0.846736
 uveds 125 127 128 132
text 70 4 49
 coord 0.468964 0.863582
 uveds 126 127 129 164
text 71 4 50
 coord 0.370259 0.838590
 uveds 128 130 133 135
text 72 4 51
 coord 0.325380 0.806011
 uveds 131 133 134 138
text 73 4 52
 coord 0.352639 0.812764
 uveds 131 132 144 145
text 74 4 58
 coord 0.243697 0.903242
 uveds 134 136 139 141
text 75 4 46
 coord 0.187816 0.818847
 uveds 137 139 140 162
text 76 4 53
 coord 0.300383 0.766144
 uveds 137 138 150 151
text 77 4 5
 coord 0.205245 0.810883
 uveds 140 142 143 147
text 78 4 7
 coord 0.273822 0.906684
 uveds 141 142 144 163
text 79 4 6
 coord 0.313775 0.760070
 uveds 143 145 148 150
text 80 4 42
 coord 0.296672 0.692511
 uveds 146 148 149 153
text 81 4 4
 coord 0.176300 0.698329
 uveds 146 147 159 160
text 82 4 43
 coord 0.292164 0.718277
 uveds 149 151 154 156
text 83 4 44
 coord 0.299046 0.654124
 uveds 152 154 155 197
text 84 4 45
 coord 0.299841 0.618419
 uveds 152 153 161 202
text 85 4 40
 coord 0.173774 0.640206
 uveds 155 157 158 198
text 86 4 47
 coord 0.167285 0.724347
 uveds 156 157 159 162
text 87 4 41
 coord 0.178991 0.604801
 uveds 158 160 161 200
text 88 4 86
 coord 0.694182 0.549582
 uveds 168 169 175 176
text 89 4 87
 coord 0.815491 0.556154
 uveds 169 170 171 178
text 90 4 88
 coord 0.792393 0.607405
 uveds 171 172 173 180
text 91 4 37
 coord 0.674206 0.601421
 uveds 173 174 175 182
text 92 4 80
 coord 0.687616 0.479389
 uveds 176 177 183 184
text 93 4 82
 coord 0.804711 0.489577
 uveds 177 178 179 186
text 94 4 39
 coord 0.778701 0.541267
 uveds 179 180 181 188
text 95 4 38
 coord 0.664442 0.531841
 uveds 181 182 183 190
text 96 4 81
 coord 0.681438 0.412461
 uveds 184 185 191 192
text 97 4 32
 coord 0.794301 0.426274
 uveds 185 186 187 193
text 98 4 33
 coord 0.765502 0.477908
 uveds 187 188 189 194
text 99 4 31
 coord 0.655199 0.465014
 uveds 189 190 191 195
text 100 4 34
 coord 0.185482 0.561531
 uveds 196 198 199 206
text 101 4 84
 coord 0.311948 0.573247
 uveds 196 197 203 205
text 102 4 35
 coord 0.186239 0.528530
 uveds 199 200 201 208
text 103 4 36
 coord 0.308250 0.540081
 uveds 201 202 203 210
text 104 4 83
 coord 0.197521 0.481050
 uveds 204 206 207 214
text 105 4 85
 coord 0.324766 0.491672
 uveds 204 205 211 213
text 106 4 28
 coord 0.193783 0.450063
 uveds 207 208 209 216
text 107 4 29
 coord 0.316590 0.460615
 uveds 209 210 211 218
text 108 4 77
 coord 0.209973 0.398707
 uveds 212 214 215 222
text 109 4 79
 coord 0.337684 0.408591
 uveds 212 213 219 221
text 110 4 78
 coord 0.201608 0.370169
 uveds 215 216 217 224
text 111 4 30
 coord 0.324938 0.380051
 uveds 217 218 219 226
text 112 4 73
 coord 0.222667 0.315338
 uveds 220 222 223 230
text 113 4 75
 coord 0.350627 0.324016
 uveds 220 221 227 229
text 114 4 74
 coord 0.209666 0.288774
 uveds 223 224 225 232
text 115 4 76
 coord 0.333345 0.297530
 uveds 225 226 227 234
text 116 4 119
 coord 0.244200 0.210987
 uveds 228 230 231 239
text 117 4 117
 coord 0.366871 0.243233
 uveds 228 229 237 238
text 118 4 116
 coord 0.223696 0.200152
 uveds 231 232 233 235
text 119 4 118
 coord 0.342392 0.231452
 uveds 233 234 236 237
vert 0 4 1
 weight 0.000000
 coord 1.165720 -2.733550 -1.107770
 coordT 0.697137 -3.206193 -1.285541
 coordNT -0.259359 -0.570425 -0.779325
 edges 50 51 53 72
 uvvrs 30
1027956296
vert 1 4 1
 weight 0.000000
 coord 0.977028 -1.763810 -1.018200
 coordT 0.880530 -2.232173 -1.244694
 coordNT -0.669394 0.652896 -0.354454
 edges 52 54 57 59
 uvvrs 31
1027959824
vert 2 4 1
 weight 0.000000
 coord 1.655770 -2.133390 -1.257420
 coordT 1.328131 -2.824411 -1.566251
 coordNT 0.109305 -0.378041 -0.919314
 edges 49 51 52 56
 uvvrs 29
1027956584
vert 3 4 1
 weight 0.000000
 coord 1.921120 -1.408070 -1.117220
 coordT 1.852054 -2.240802 -1.533969
 coordNT 0.423934 -0.090591 -0.901151
 edges 55 56 68 69
 uvvrs 33
1027955912
vert 4 4 1
 weight 0.000000
 coord -1.921120 1.408060 -1.117220
 coordT -1.284587 1.682181 -0.862251
 coordNT -0.770627 -0.116807 -0.626491
 edges 146 147 159 160
 uvvrs 81
1027956104
vert 5 4 1
 weight 0.000000
 coord -1.655770 2.133380 -1.257420
 coordT -1.086760 2.325985 -1.017915
 coordNT -0.622881 0.266015 -0.735701
 edges 140 142 143 147
 uvvrs 77
1027955240
vert 6 4 1
 weight 0.000000
 coord -0.977030 1.763800 -1.018200
 coordT -0.361259 1.969287 -0.988169
 coordNT 0.637974 -0.363651 -0.678784
 edges 143 145 148 150
 uvvrs 79
1027958504
vert 7 4 1
 weight 0.000000
 coord -1.165720 2.733540 -1.107770
 coordT -0.586535 2.935324 -0.983138
 coordNT -0.333889 0.583316 -0.740446
 edges 141 142 144 163
 uvvrs 78
1027956392
vert 8 4 1
 weight 0.000000
 coord -0.435862 -3.181330 -0.049523
 coordT -0.726911 -3.032974 0.066252
 coordNT -0.795604 -0.468865 -0.383640
 edges 16 17 29 30
 uvvrs 12
1027957352
vert 9 4 1
 weight 0.000000
 coord 0.082702 -3.194490 -0.420136
 coordT -0.326505 -3.237047 -0.385905
 coordNT -0.689341 -0.550104 -0.471376
 edges 28 30 33 35
 uvvrs 18
1027957832
vert 10 4 1
 weight 0.000000
 coord 0.616924 -3.063230 -0.787147
 coordT 0.139493 -3.311926 -0.849086
 coordNT -0.527650 -0.600920 -0.600400
 edges 31 33 34 72
 uvvrs 19
1027954856
vert 11 4 1
 weight 0.000000
 coord 0.942687 -3.030720 -0.298974
 coordT 0.542633 -3.391316 -0.428788
 coordNT 0.440010 -0.792242 0.422781
 edges 31 32 44 45
 uvvrs 20
1027951520
vert 12 4 1
 weight 0.000000
 coord 1.426130 -2.713380 -0.581207
 coordT 1.043332 -3.273052 -0.815273
 coordNT 0.565890 -0.736418 0.370752
 edges 43 45 48 50
 uvvrs 26
1027953344
vert 13 4 1
 weight 0.000000
 coord -0.357543 -2.376940 -0.085900
 coordT -0.380487 -2.311037 -0.049013
 coordNT -0.185884 0.787872 -0.587116
 edges 16 18 19 73
 uvvrs 11
1027960784
vert 14 4 1
 weight 0.000000
 coord 0.368396 -2.302000 -0.672000
 coordT 0.199904 -2.510602 -0.755691
 coordNT -0.434527 0.796029 -0.421335
 edges 34 36 37 41
 uvvrs 21
1027959920
vert 15 4 1
 weight 0.000000
 coord 0.004367 -2.390090 -0.383784
 coordT -0.109900 -2.457747 -0.402758
 coordNT -0.313249 0.810671 -0.494659
 edges 35 36 38 73
 uvvrs 22
1027958960
vert 16 4 1
 weight 0.000000
 coord 0.694160 -2.269480 -0.183828
 coordT 0.603048 -2.589983 -0.335395
 coordNT 0.528289 0.604196 0.596538
 edges 37 39 42 44
 uvvrs 23
1027951136
vert 17 4 1
 weight 0.000000
 coord 0.968126 -2.077870 -0.379041
 coordT 0.884195 -2.512502 -0.590003
 coordNT 0.259916 0.575547 0.775364
 edges 40 42 43 47
 uvvrs 24
957266168
vert 18 4 1
 weight 0.000000
 coord 0.707717 -2.098030 -0.905607
 coordT 0.538004 -2.445635 -1.060275
 coordNT -0.560426 0.743012 -0.365864
 edges 40 41 53 54
 uvvrs 25
1027960496
vert 19 4 1
 weight 0.000000
 coord 1.137510 -1.832380 -0.456921
 coordT 1.110630 -2.345428 -0.715825
 coordNT -0.112957 0.379917 0.918098
 edges 46 47 59 60
 uvvrs 28
957266072
vert 20 4 1
 weight 0.000000
 coord 1.816260 -2.201960 -0.696145
 coordT 1.558238 -2.937669 -1.037387
 coordNT 0.667374 -0.650007 0.363461
 edges 46 48 49 71
 uvvrs 27
1027953248
vert 21 4 1
 weight 0.000000
 coord 2.007390 -1.613700 -0.573380
 coordT 1.962800 -2.455558 -0.998161
 coordNT 0.709062 -0.580564 0.400222
 edges 65 66 68 71
 uvvrs 38
1027952384
vert 22 4 1
 weight 0.000000
 coord 1.131450 -1.326810 -0.961240
 coordT 1.185951 -1.879006 -1.251307
 coordNT -0.715708 0.576175 -0.394696
 edges 55 57 58 62
 uvvrs 32
1027960976
vert 23 4 1
 weight 0.000000
 coord 1.217720 -1.532440 -0.417397
 coordT 1.296698 -2.093762 -0.715496
 coordNT -0.428879 0.086381 0.899222
 edges 58 60 63 65
 uvvrs 34
957265880
vert 24 4 1
 weight 0.000000
 coord 1.224100 -1.131950 -0.242604
 coordT 1.476008 -1.719731 -0.577911
 coordNT -0.561517 -0.067348 0.824720
 edges 61 63 64 192
 uvvrs 35
957265784
vert 25 4 1
 weight 0.000000
 coord 1.170820 -0.850285 -0.755746
 coordT 1.427977 -1.445415 -1.095523
 coordNT -0.745169 0.474646 -0.468438
 edges 61 62 70 195
 uvvrs 36
1027961552
vert 26 4 1
 weight 0.000000
 coord 2.029780 -1.093950 -0.305401
 coordT 2.216282 -1.974600 -0.781664
 coordNT 0.741978 -0.479358 0.468705
 edges 64 66 67 193
 uvvrs 37
1027950752
vert 27 4 1
 weight 0.000000
 coord 1.976500 -0.812282 -0.818544
 coordT 2.168253 -1.700282 -1.299276
 coordNT 0.559007 0.063174 -0.826753
 edges 67 69 70 194
 uvvrs 39
1027956776
vert 28 4 1
 weight 0.000000
 coord -2.004510 -0.140733 -0.258007
 coordT -1.328934 0.239412 -0.020898
 coordNT -0.882486 -0.201278 -0.425096
 edges 207 208 209 216
 uvvrs 106
1027955336
vert 29 4 1
 weight 0.000000
 coord -1.195490 -0.140733 -0.258007
 coordT -0.555963 0.082256 -0.200613
 coordNT 0.464716 -0.474197 -0.747781
 edges 209 210 211 218
 uvvrs 107
1027958120
vert 30 4 1
 weight 0.000000
 coord -1.209200 -0.634574 -0.009248
 coordT -0.605423 -0.385748 0.057028
 coordNT 0.405256 -0.515171 -0.755226
 edges 217 218 219 226
 uvvrs 111
1027959056
vert 31 4 1
 weight 0.000000
 coord 1.182530 -0.354358 -0.506755
 coordT 1.610710 -0.840495 -0.906334
 coordNT -0.747988 0.396009 -0.532626
 edges 189 190 191 195
 uvvrs 99
1027959248
vert 32 4 1
 weight 0.000000
 coord 2.017390 -0.617943 -0.023490
 coordT 2.411045 -1.340537 -0.575573
 coordNT 0.761952 -0.374515 0.528364
 edges 185 186 187 193
 uvvrs 97
1027952192
vert 33 4 1
 weight 0.000000
 coord 1.990720 -0.337729 -0.539494
 coordT 2.364028 -1.067911 -1.094172
 coordNT 0.617306 0.063294 -0.784173
 edges 187 188 189 194
 uvvrs 98
1027957256
vert 34 4 1
 weight 0.000000
 coord -2.017390 0.617940 -0.023490
 coordT -1.160061 0.873433 0.214866
 coordNT -0.541002 0.430123 0.722711
 edges 196 198 199 206
 uvvrs 100
1027952960
vert 35 4 1
 weight 0.000000
 coord -1.990720 0.337725 -0.539494
 coordT -1.287257 0.708987 -0.314340
 coordNT -0.847579 -0.236518 -0.475047
 edges 199 200 201 208
 uvvrs 102
1027956680
vert 36 4 1
 weight 0.000000
 coord -1.182530 0.354354 -0.506756
 coordT -0.495121 0.565178 -0.465426
 coordNT 0.520180 -0.410256 -0.749068
 edges 201 202 203 210
 uvvrs 103
1027958696
vert 37 4 1
 weight 0.000000
 coord 1.209200 0.634570 -0.009247
 coordT 1.958652 0.667522 -0.586437
 coordNT -0.671056 -0.300193 -0.677914
 edges 173 174 175 182
 uvvrs 91
1027955816
vert 38 4 1
 weight 0.000000
 coord 1.195490 0.140730 -0.258006
 coordT 1.782408 -0.106119 -0.741210
 coordNT -0.763612 0.325894 -0.557396
 edges 181 182 183 190
 uvvrs 95
1027960400
vert 39 4 1
 weight 0.000000
 coord 2.004510 0.140729 -0.258007
 coordT 2.574321 -0.614334 -0.852545
 coordNT 0.625843 0.020359 -0.779684
 edges 179 180 181 188
 uvvrs 94
1027955720
vert 40 4 1
 weight 0.000000
 coord -2.029780 1.093950 -0.305400
 coordT -1.208195 1.356073 -0.051501
 coordNT -0.597516 0.345907 0.723410
 edges 155 157 158 198
 uvvrs 85
1027950944
vert 41 4 1
 weight 0.000000
 coord -1.976500 0.812280 -0.818543
 coordT -1.245371 1.174624 -0.605370
 coordNT -0.806317 -0.279780 -0.521130
 edges 158 160 161 200
 uvvrs 87
1027955432
vert 42 4 1
 weight 0.000000
 coord -1.131450 1.326810 -0.961239
 coordT -0.485458 1.526131 -0.909190
 coordNT 0.621382 -0.324515 -0.713144
 edges 146 148 149 153
 uvvrs 80
1027958792
vert 43 4 1
 weight 0.000000
 coord -1.217720 1.532440 -0.417396
 coordT -0.423703 1.710479 -0.354505
 coordNT 0.775518 0.107294 0.622142
 edges 149 151 154 156
 uvvrs 82
957266360
vert 44 4 1
 weight 0.000000
 coord -1.224100 1.131950 -0.242604
 coordT -0.412084 1.336931 -0.194041
 coordNT 0.816473 0.276954 0.506625
 edges 152 154 155 197
 uvvrs 83
957265976
vert 45 4 1
 weight 0.000000
 coord -1.170820 0.850281 -0.755747
 coordT -0.510265 1.065198 -0.705897
 coordNT 0.570059 -0.352172 -0.742299
 edges 152 153 161 202
 uvvrs 84
1027958600
vert 46 4 1
 weight 0.000000
 coord -1.816260 2.201960 -0.696145
 coordT -1.088875 2.370580 -0.431844
 coordNT -0.628943 0.370792 0.683333
 edges 137 139 140 162
 uvvrs 75
1027953152
vert 47 4 1
 weight 0.000000
 coord -2.007390 1.613690 -0.573380
 coordT -1.216070 1.879583 -0.312880
 coordNT -0.625269 0.315636 0.713731
 edges 156 157 159 162
 uvvrs 86
1027953056
vert 48 4 1
 weight 0.000000
 coord -0.368398 2.301990 -0.672000
 coordT 0.308011 2.513655 -0.799334
 coordNT 0.468198 -0.589676 -0.658083
 edges 125 127 128 132
 uvvrs 69
1027957928
vert 49 4 1
 weight 0.000000
 coord -0.004369 2.390090 -0.383783
 coordT 0.735172 2.602941 -0.617952
 coordNT 0.342053 -0.653692 -0.675046
 edges 126 127 129 164
 uvvrs 70
1027958408
vert 50 4 1
 weight 0.000000
 coord -0.694162 2.269480 -0.183827
 coordT 0.128979 2.454726 -0.242599
 coordNT 0.045901 -0.727565 0.684501
 edges 128 130 133 135
 uvvrs 71
957266552
vert 51 4 1
 weight 0.000000
 coord -0.968128 2.077870 -0.379040
 coordT -0.184066 2.261618 -0.363377
 coordNT 0.333600 -0.588468 0.736490
 edges 131 133 134 138
 uvvrs 72
957266936
vert 52 4 1
 weight 0.000000
 coord -0.707719 2.098030 -0.905606
 coordT -0.078139 2.307527 -0.939701
 coordNT 0.576289 -0.489477 -0.654448
 edges 131 132 144 145
 uvvrs 73
1027958024
vert 53 4 1
 weight 0.000000
 coord -1.137510 1.832380 -0.456921
 coordT -0.363363 2.013883 -0.402096
 coordNT 0.628616 -0.257569 0.733826
 edges 137 138 150 151
 uvvrs 76
957267416
vert 54 4 1
 weight 0.000000
 coord 0.357541 2.376930 -0.085900
 coordT 1.164958 2.590680 -0.430845
 coordNT 0.188835 -0.686567 -0.702116
 edges 107 109 110 164
 uvvrs 59
1027958312
vert 55 4 1
 weight 0.000000
 coord -0.082703 3.194480 -0.420136
 coordT 0.633871 3.405346 -0.598625
 coordNT 0.160718 0.746297 -0.645919
 edges 119 121 124 126
 uvvrs 66
1027954952
vert 56 4 1
 weight 0.000000
 coord -0.616925 3.063230 -0.787147
 coordT 0.022351 3.270460 -0.811103
 coordNT -0.046893 0.724092 -0.688107
 edges 122 124 125 163
 uvvrs 67
1027957640
vert 57 4 1
 weight 0.000000
 coord -0.942689 3.030720 -0.298975
 coordT -0.156681 3.211532 -0.254369
 coordNT -0.470690 0.584157 0.661220
 edges 122 123 135 136
 uvvrs 68
1027954400
vert 58 4 1
 weight 0.000000
 coord -1.426130 2.713380 -0.581207
 coordT -0.692464 2.889416 -0.406817
 coordNT -0.576247 0.481563 0.660330
 edges 134 136 139 141
 uvvrs 74
1027954304
vert 59 4 1
 weight 0.000000
 coord 0.435861 3.181330 -0.049523
 coordT 1.234197 3.395386 -0.384323
 coordNT 0.316038 0.716950 -0.621371
 edges 107 108 120 121
 uvvrs 60
1027956008
vert 60 4 1
 weight 0.000000
 coord -1.426130 -2.713380 0.581210
 coordT -1.351229 -2.231205 0.817765
 coordNT -0.934357 -0.226132 -0.275393
 edges 7 9 12 14
 uvvrs 6
1027955624
vert 61 4 1
 weight 0.000000
 coord -0.942689 -3.030720 0.298977
 coordT -1.072660 -2.705187 0.483393
 coordNT -0.873999 -0.364846 -0.320958
 edges 10 12 13 17
 uvvrs 8
1027957736
vert 62 4 1
 weight 0.000000
 coord -0.616925 -3.063230 0.787149
 coordT -0.692274 -2.845251 0.909029
 coordNT 0.040376 -0.698238 0.714726
 edges 10 11 23 24
 uvvrs 9
1027951712
vert 63 4 1
 weight 0.000000
 coord -0.082695 -3.194480 0.420148
 coordT -0.318141 -3.165092 0.467411
 coordNT 0.188241 -0.785939 0.588953
 edges 22 24 27 29
 uvvrs 15
1027951616
vert 64 4 1
 weight 0.000000
 coord 0.435868 -3.181320 0.049536
 coordT 0.091476 -3.344604 0.013094
 coordNT 0.316490 -0.808554 0.496059
 edges 25 27 28 32
 uvvrs 16
1027953440
vert 65 4 1
 weight 0.000000
 coord -1.816260 -2.201960 0.696145
 coordT -1.490077 -1.694318 0.966841
 coordNT -0.950912 -0.114716 -0.287413
 edges 8 9 75 235
 uvvrs 7
1027956488
vert 66 4 1
 weight 0.000000
 coord -1.137510 -1.832380 0.456921
 coordT -0.795829 -1.547251 0.578411
 coordNT 0.268381 0.105614 -0.957506
 edges 1 2 75 236
 uvvrs 2
1027960304
vert 67 4 1
 weight 0.000000
 coord -0.707718 -2.098030 0.905603
 coordT -0.415180 -1.910201 0.961710
 coordNT 0.929375 0.241740 0.278968
 edges 0 3 4 74
 uvvrs 0
1027951040
vert 68 4 1
 weight 0.000000
 coord -0.968129 -2.077870 0.379038
 coordT -0.747261 -1.805708 0.488129
 coordNT 0.125449 0.494236 -0.860229
 edges 0 1 14 15
 uvvrs 1
1027959152
vert 69 4 1
 weight 0.000000
 coord -0.694162 -2.269480 0.183825
 coordT -0.600234 -2.085827 0.264986
 coordNT -0.038498 0.701674 -0.711458
 edges 13 15 18 20
 uvvrs 10
1027960592
vert 70 4 1
 weight 0.000000
 coord -0.004375 -2.390080 0.383771
 coordT 0.028288 -2.443145 0.352145
 coordNT 0.794457 0.472345 0.381743
 edges 19 21 22 26
 uvvrs 13
1027952864
vert 71 4 1
 weight 0.000000
 coord -0.368398 -2.301990 0.671997
 coordT -0.219849 -2.225891 0.690622
 coordNT 0.872251 0.371018 0.318629
 edges 20 21 23 74
 uvvrs 14
1027951904
vert 72 4 1
 weight 0.000000
 coord 0.357533 -2.376920 0.085888
 coordT 0.308081 -2.565303 -0.003759
 coordNT 0.688715 0.552802 0.469129
 edges 25 26 38 39
 uvvrs 17
1027951424
vert 73 4 1
 weight 0.000000
 coord -1.976500 -0.812281 0.818542
 coordT -1.189235 -0.435978 1.044470
 coordNT -0.354964 0.514228 0.780750
 edges 220 222 223 230
 uvvrs 112
1027952672
vert 74 4 1
 weight 0.000000
 coord -2.029780 -1.093950 0.305400
 coordT -1.443285 -0.575404 0.552358
 coordNT -0.928871 -0.062811 -0.365040
 edges 223 224 225 232
 uvvrs 114
1027956200
vert 75 4 1
 weight 0.000000
 coord -1.170820 -0.850286 0.755747
 coordT -0.478165 -0.599115 0.812989
 coordNT 0.918017 0.077044 0.388985
 edges 220 221 227 229
 uvvrs 113
1027953536
vert 76 4 1
 weight 0.000000
 coord -1.224100 -1.131950 0.242605
 coordT -0.714431 -0.854316 0.339151
 coordNT 0.359415 -0.515120 -0.778121
 edges 225 226 227 234
 uvvrs 115
1027959440
vert 77 4 1
 weight 0.000000
 coord -1.990720 -0.337728 0.539492
 coordT -1.174522 0.035182 0.759756
 coordNT -0.420140 0.489634 0.764030
 edges 212 214 215 222
 uvvrs 108
1027953728
vert 78 4 1
 weight 0.000000
 coord -2.017390 -0.617943 0.023488
 coordT -1.348977 -0.126612 0.242681
 coordNT -0.910461 -0.151183 -0.384973
 edges 215 216 217 224
 uvvrs 110
1027956872
vert 79 4 1
 weight 0.000000
 coord -1.182530 -0.354360 0.506755
 coordT -0.393866 -0.123910 0.538856
 coordNT 0.901287 0.135625 0.411447
 edges 212 213 219 221
 uvvrs 109
1027952288
vert 80 4 1
 weight 0.000000
 coord 1.195490 -0.140733 0.258007
 coordT 1.844286 -0.387588 -0.228934
 coordNT -0.552523 -0.034482 0.832784
 edges 176 177 183 184
 uvvrs 92
957267320
vert 81 4 1
 weight 0.000000
 coord 1.209200 -0.634573 0.009248
 coordT 1.657727 -1.113122 -0.387736
 coordNT -0.573410 -0.061656 0.816945
 edges 184 185 191 192
 uvvrs 96
957266648
vert 82 4 1
 weight 0.000000
 coord 2.004510 -0.140734 0.258006
 coordT 2.617257 -0.544745 -0.408650
 coordNT 0.779163 -0.310036 0.544777
 edges 177 178 179 186
 uvvrs 93
1027951328
vert 83 4 1
 weight 0.000000
 coord -2.004510 0.140729 0.258007
 coordT -1.159196 0.510113 0.472443
 coordNT -0.478500 0.470835 0.741183
 edges 204 206 207 214
 uvvrs 104
1027952768
vert 84 4 1
 weight 0.000000
 coord -1.209200 0.634569 0.009248
 coordT -0.360531 0.842620 0.036768
 coordNT 0.846249 0.264087 0.462733
 edges 196 197 203 205
 uvvrs 101
957267512
vert 85 4 1
 weight 0.000000
 coord -1.195490 0.140729 0.258007
 coordT -0.386225 0.352957 0.292728
 coordNT 0.878199 0.205478 0.431910
 edges 204 205 211 213
 uvvrs 105
957266264
vert 86 4 1
 weight 0.000000
 coord 1.182530 0.354356 0.506757
 coordT 2.042247 0.376980 -0.082375
 coordNT -0.652225 -0.714949 0.251892
 edges 168 169 175 176
 uvvrs 88
957267224
vert 87 4 1
 weight 0.000000
 coord 1.990720 0.337725 0.539492
 coordT 2.829234 0.303933 -0.255006
 coordNT 0.461337 -0.887040 -0.018108
 edges 169 170 171 178
 uvvrs 89
1027952096
vert 88 4 1
 weight 0.000000
 coord 2.017380 0.617939 0.023489
 coordT 2.745630 0.594476 -0.759065
 coordNT 0.313809 -0.407516 -0.857587
 edges 171 172 173 180
 uvvrs 90
1027957544
vert 89 4 1
 weight 0.000000
 coord 1.131450 1.326810 0.961240
 coordT 2.216602 1.529635 0.321691
 coordNT -0.436460 0.321044 0.840496
 edges 76 77 90 91
 uvvrs 41
957267128
vert 90 4 1
 weight 0.000000
 coord -0.476687 0.382924 1.619528
 coordT 0.652519 0.436688 1.451585
 coordNT -0.831209 -0.215653 0.512432
 edges 77 78 167 168
 uvvrs 42
957266840
vert 91 4 1
 weight 0.000000
 coord 1.217720 1.532440 0.417397
 coordT 2.146653 1.756119 -0.216168
 coordNT -0.599691 0.763726 -0.238944
 edges 83 85 88 90
 uvvrs 46
1027955048
vert 92 4 1
 weight 0.000000
 coord -0.219022 1.745085 -0.862058
 coordT 0.410743 1.968313 -1.045536
 coordNT -0.757919 0.419449 -0.499621
 edges 84 85 167 174
 uvvrs 47
1027956968
vert 93 4 1
 weight 0.000000
 coord 3.419622 0.199135 1.923203
 coordT 4.354736 -0.973198 1.008814
 coordNT 0.659552 -0.663561 0.353098
 edges 78 79 81 170
 uvvrs 43
1027951808
vert 94 4 1
 weight 0.000000
 coord 3.677286 1.561315 -0.558378
 coordT 4.244213 1.892753 -1.823569
 coordNT 0.527125 0.240581 -0.815021
 edges 81 82 84 172
 uvvrs 45
1027954112
vert 95 4 1
 weight 0.000000
 coord -0.357535 2.376920 0.085888
 coordT 0.524342 2.563128 -0.070739
 coordNT -0.160180 -0.748663 0.643308
 edges 116 117 129 130
 uvvrs 65
957267032
vert 96 4 1
 weight 0.000000
 coord 1.137510 1.832380 0.456921
 coordT 2.074361 2.051970 -0.144034
 coordNT -0.620649 -0.221423 -0.752174
 edges 86 88 89 93
 uvvrs 48
1027957064
vert 97 4 1
 weight 0.000000
 coord 0.707716 2.098030 0.905604
 coordT 1.778547 2.289071 0.415307
 coordNT -0.555274 -0.563907 0.611293
 edges 92 94 95 165
 uvvrs 51
957266744
vert 98 4 1
 weight 0.000000
 coord 0.968127 2.077870 0.379039
 coordT 1.885279 2.294702 -0.162665
 coordNT -0.311091 -0.539106 -0.782679
 edges 92 93 105 106
 uvvrs 52
1027957160
vert 99 4 1
 weight 0.000000
 coord 0.694160 2.269480 0.183826
 coordT 1.564598 2.484415 -0.267764
 coordNT -0.017993 -0.670411 -0.741772
 edges 104 106 109 111
 uvvrs 58
1027958216
vert 100 4 1
 weight 0.000000
 coord 0.004373 2.390080 0.383771
 coordT 0.953601 2.577159 0.117446
 coordNT -0.314638 -0.719816 0.618764
 edges 110 112 113 117
 uvvrs 61
957267704
vert 101 4 1
 weight 0.000000
 coord 0.368396 2.301990 0.671998
 coordT 1.384270 2.490438 0.291630
 coordNT -0.443271 -0.659689 0.606894
 edges 111 112 114 165
 uvvrs 62
957266456
vert 102 4 1
 weight 0.000000
 coord 2.007390 1.613690 0.573379
 coordT 2.947066 1.855973 -0.278233
 coordNT 0.574285 0.770654 -0.276205
 edges 80 82 83 87
 uvvrs 44
1027954688
vert 103 4 1
 weight 0.000000
 coord 1.816260 2.201960 0.696144
 coordT 2.785145 2.433661 -0.084045
 coordNT 0.615050 0.442246 -0.652788
 edges 86 87 99 100
 uvvrs 49
1027953920
vert 104 4 1
 weight 0.000000
 coord -0.435869 3.181320 0.049536
 coordT 0.423041 3.365543 -0.051410
 coordNT -0.343333 0.650570 0.677407
 edges 116 118 119 123
 uvvrs 64
1027954016
vert 105 4 1
 weight 0.000000
 coord 1.426130 2.713380 0.581210
 coordT 2.368355 2.936600 -0.067219
 coordNT 0.555539 0.556501 -0.617806
 edges 98 100 103 105
 uvvrs 55
1027955528
vert 106 4 1
 weight 0.000000
 coord 0.942688 3.030720 0.298977
 coordT 1.819924 3.248502 -0.193700
 coordNT 0.445973 0.654548 -0.610470
 edges 101 103 104 108
 uvvrs 56
1027955144
vert 107 4 1
 weight 0.000000
 coord 0.616924 3.063230 0.787149
 coordT 1.639597 3.254526 0.365694
 coordNT 0.019125 0.666697 0.745084
 edges 101 102 114 115
 uvvrs 57
1027954208
vert 108 4 1
 weight 0.000000
 coord 0.082693 3.194470 0.420148
 coordT 1.022841 3.381855 0.163967
 coordNT -0.189273 0.683975 0.704524
 edges 113 115 118 120
 uvvrs 63
1027954496
vert 109 4 1
 weight 0.000000
 coord -1.165720 -2.733540 1.107780
 coordT -1.019148 -2.335697 1.291352
 coordNT -0.125834 -0.479904 0.868250
 edges 4 6 7 11
 uvvrs 4
1027953632
vert 110 4 1
 weight 0.000000
 coord -1.655770 -2.133390 1.257420
 coordT -1.230056 -1.597417 1.473496
 coordNT -0.272725 -0.093735 0.957515
 edges 5 6 8 239
 uvvrs 5
1027952480
vert 111 4 1
 weight 0.000000
 coord -0.977030 -1.763810 1.018200
 coordT -0.512239 -1.527272 1.092852
 coordNT 0.950386 0.125972 0.284424
 edges 2 3 5 238
 uvvrs 3
1027952000
vert 112 4 1
 weight 0.000000
 coord 1.921120 1.408060 1.117220
 coordT 3.017015 1.629490 0.259624
 coordNT 0.626380 0.348640 0.697208
 edges 76 79 80 166
 uvvrs 40
1027951232
vert 113 4 1
 weight 0.000000
 coord 0.977028 1.763810 1.018200
 coordT 2.074987 1.959558 0.436428
 coordNT -0.621623 -0.443346 0.645779
 edges 89 91 94 96
 uvvrs 50
957267608
vert 114 4 1
 weight 0.000000
 coord 1.655770 2.133380 1.257420
 coordT 2.785763 2.341240 0.496416
 coordNT 0.617502 0.220666 0.754982
 edges 96 97 99 166
 uvvrs 54
1027953824
vert 115 4 1
 weight 0.000000
 coord 1.165720 2.733540 1.107780
 coordT 2.261624 2.930969 0.510758
 coordNT 0.311593 0.533661 0.786204
 edges 95 97 98 102
 uvvrs 53
1027954592
vert 116 4 1
 weight 0.000000
 coord -2.007390 -1.613690 0.573380
 coordT -1.520758 -1.076434 0.844603
 coordNT -0.939732 -0.054716 -0.337505
 edges 231 232 233 235
 uvvrs 118
1027957448
vert 117 4 1
 weight 0.000000
 coord -1.131450 -1.326810 0.961240
 coordT -0.539726 -1.064358 1.037956
 coordNT 0.939915 0.077334 0.332535
 edges 228 229 237 238
 uvvrs 117
1027950848
vert 118 4 1
 weight 0.000000
 coord -1.217720 -1.532440 0.417397
 coordT -0.790698 -1.237280 0.535378
 coordNT 0.337081 -0.315103 -0.887179
 edges 233 234 236 237
 uvvrs 119
1027959632
vert 119 4 1
 weight 0.000000
 coord -1.921120 -1.408060 1.117220
 coordT -1.269786 -0.903512 1.347178
 coordNT -0.332551 0.334292 0.881850
 edges 228 230 231 239
 uvvrs 116
1027952576
edge 0 1 2
 weight 0.000000
 verts 67 68
 polys 0 34
 slots 0 2
 uveds 0
0
edge 1 1 2
 weight 0.000000
 verts 68 66
 polys 0 35
 slots 1 3
 uveds 1
1056661008
edge 2 1 2
 weight 0.000000
 verts 66 111
 polys 0 116
 slots 2 0
 uveds 2
0
edge 3 1 2
 weight 0.000000
 verts 111 67
 polys 0 1
 slots 3 1
 uveds 3
1056651856
edge 4 1 2
 weight 0.000000
 verts 109 67
 polys 1 33
 slots 0 2
 uveds 4
0
edge 5 1 2
 weight 0.000000
 verts 111 110
 polys 1 119
 slots 2 0
 uveds 5
0
edge 6 1 2
 weight 0.000000
 verts 110 109
 polys 1 2
 slots 3 1
 uveds 6
1056655992
edge 7 1 2
 weight 0.000000
 verts 60 109
 polys 2 3
 slots 0 2
 uveds 7
0
edge 8 1 2
 weight 0.000000
 verts 110 65
 polys 2 117
 slots 2 0
 uveds 8
0
edge 9 1 2
 weight 0.000000
 verts 65 60
 polys 2 35
 slots 3 1
 uveds 9
1056656784
edge 10 1 2
 weight 0.000000
 verts 61 62
 polys 3 32
 slots 0 2
 uveds 10
0
edge 11 1 2
 weight 0.000000
 verts 62 109
 polys 3 33
 slots 1 3
 uveds 11
1056655640
edge 12 1 2
 weight 0.000000
 verts 60 61
 polys 3 4
 slots 3 1
 uveds 12
1056657048
edge 13 1 2
 weight 0.000000
 verts 69 61
 polys 4 5
 slots 0 2
 uveds 13
0
edge 14 1 2
 weight 0.000000
 verts 60 68
 polys 4 35
 slots 2 0
 uveds 14
0
edge 15 1 2
 weight 0.000000
 verts 68 69
 polys 4 34
 slots 3 1
 uveds 15
1056661272
edge 16 1 2
 weight 0.000000
 verts 13 8
 polys 5 31
 slots 0 2
 uveds 16
0
edge 17 1 2
 weight 0.000000
 verts 8 61
 polys 5 32
 slots 1 3
 uveds 17
1056658016
edge 18 1 2
 weight 0.000000
 verts 69 13
 polys 5 6
 slots 3 1
 uveds 18
1056660216
edge 19 1 2
 weight 0.000000
 verts 70 13
 polys 6 30
 slots 0 2
 uveds 19
0
edge 20 1 2
 weight 0.000000
 verts 69 71
 polys 6 34
 slots 2 0
 uveds 20
0
edge 21 1 2
 weight 0.000000
 verts 71 70
 polys 6 7
 slots 3 1
 uveds 21
1056651680
edge 22 1 2
 weight 0.000000
 verts 63 70
 polys 7 8
 slots 0 2
 uveds 22
0
edge 23 1 2
 weight 0.000000
 verts 71 62
 polys 7 33
 slots 2 0
 uveds 23
0
edge 24 1 2
 weight 0.000000
 verts 62 63
 polys 7 32
 slots 3 1
 uveds 24
1056654056
edge 25 1 2
 weight 0.000000
 verts 64 72
 polys 8 29
 slots 0 2
 uveds 25
0
edge 26 1 2
 weight 0.000000
 verts 72 70
 polys 8 30
 slots 1 3
 uveds 26
1056652648
edge 27 1 2
 weight 0.000000
 verts 63 64
 polys 8 9
 slots 3 1
 uveds 27
1056655904
edge 28 1 2
 weight 0.000000
 verts 9 64
 polys 9 10
 slots 0 2
 uveds 28
0
edge 29 1 2
 weight 0.000000
 verts 63 8
 polys 9 32
 slots 2 0
 uveds 29
0
edge 30 1 2
 weight 0.000000
 verts 8 9
 polys 9 31
 slots 3 1
 uveds 30
1056657136
edge 31 1 2
 weight 0.000000
 verts 10 11
 polys 10 28
 slots 0 2
 uveds 31
0
edge 32 1 2
 weight 0.000000
 verts 11 64
 polys 10 29
 slots 1 3
 uveds 32
1056656256
edge 33 1 2
 weight 0.000000
 verts 9 10
 polys 10 11
 slots 3 1
 uveds 33
1056658896
edge 34 1 2
 weight 0.000000
 verts 14 10
 polys 11 27
 slots 0 2
 uveds 34
0
edge 35 1 2
 weight 0.000000
 verts 9 15
 polys 11 31
 slots 2 0
 uveds 35
0
edge 36 1 2
 weight 0.000000
 verts 15 14
 polys 11 12
 slots 3 1
 uveds 36
1056660304
edge 37 1 2
 weight 0.000000
 verts 16 14
 polys 12 13
 slots 0 2
 uveds 37
0
edge 38 1 2
 weight 0.000000
 verts 15 72
 polys 12 30
 slots 2 0
 uveds 38
0
edge 39 1 2
 weight 0.000000
 verts 72 16
 polys 12 29
 slots 3 1
 uveds 39
1056651944
edge 40 1 2
 weight 0.000000
 verts 17 18
 polys 13 26
 slots 0 2
 uveds 40
0
edge 41 1 2
 weight 0.000000
 verts 18 14
 polys 13 27
 slots 1 3
 uveds 41
1056661360
edge 42 1 2
 weight 0.000000
 verts 16 17
 polys 13 14
 slots 3 1
 uveds 42
1056653704
edge 43 1 2
 weight 0.000000
 verts 12 17
 polys 14 15
 slots 0 2
 uveds 43
0
edge 44 1 2
 weight 0.000000
 verts 16 11
 polys 14 29
 slots 2 0
 uveds 44
0
edge 45 1 2
 weight 0.000000
 verts 11 12
 polys 14 28
 slots 3 1
 uveds 45
1056654408
edge 46 1 2
 weight 0.000000
 verts 20 19
 polys 15 25
 slots 0 2
 uveds 46
0
edge 47 1 2
 weight 0.000000
 verts 19 17
 polys 15 26
 slots 1 3
 uveds 47
1056652472
edge 48 1 2
 weight 0.000000
 verts 12 20
 polys 15 16
 slots 3 1
 uveds 48
1056655112
edge 49 1 2
 weight 0.000000
 verts 2 20
 polys 16 24
 slots 0 2
 uveds 49
0
edge 50 1 2
 weight 0.000000
 verts 12 0
 polys 16 28
 slots 2 0
 uveds 50
0
edge 51 1 2
 weight 0.000000
 verts 0 2
 polys 16 17
 slots 3 1
 uveds 51
1056659072
edge 52 1 2
 weight 0.000000
 verts 1 2
 polys 17 18
 slots 0 2
 uveds 52
0
edge 53 1 2
 weight 0.000000
 verts 0 18
 polys 17 27
 slots 2 0
 uveds 53
0
edge 54 1 2
 weight 0.000000
 verts 18 1
 polys 17 26
 slots 3 1
 uveds 54
1056659512
edge 55 1 2
 weight 0.000000
 verts 22 3
 polys 18 23
 slots 0 2
 uveds 55
0
edge 56 1 2
 weight 0.000000
 verts 3 2
 polys 18 24
 slots 1 3
 uveds 56
1056657224
edge 57 1 2
 weight 0.000000
 verts 1 22
 polys 18 19
 slots 3 1
 uveds 57
1056661448
edge 58 1 2
 weight 0.000000
 verts 23 22
 polys 19 20
 slots 0 2
 uveds 58
0
edge 59 1 2
 weight 0.000000
 verts 1 19
 polys 19 26
 slots 2 0
 uveds 59
0
edge 60 1 2
 weight 0.000000
 verts 19 23
 polys 19 25
 slots 3 1
 uveds 60
1056653264
edge 61 1 2
 weight 0.000000
 verts 24 25
 polys 20 95
 slots 0 2
 uveds 61
0
edge 62 1 2
 weight 0.000000
 verts 25 22
 polys 20 23
 slots 1 3
 uveds 62
1056659600
edge 63 1 2
 weight 0.000000
 verts 23 24
 polys 20 21
 slots 3 1
 uveds 63
1056653616
edge 64 1 2
 weight 0.000000
 verts 26 24
 polys 21 92
 slots 0 2
 uveds 64
0
edge 65 1 2
 weight 0.000000
 verts 23 21
 polys 21 25
 slots 2 0
 uveds 65
0
edge 66 1 2
 weight 0.000000
 verts 21 26
 polys 21 22
 slots 3 1
 uveds 66
1056654936
edge 67 1 2
 weight 0.000000
 verts 27 26
 polys 22 93
 slots 0 2
 uveds 67
0
edge 68 1 2
 weight 0.000000
 verts 21 3
 polys 22 24
 slots 2 0
 uveds 68
0
edge 69 1 2
 weight 0.000000
 verts 3 27
 polys 22 23
 slots 3 1
 uveds 69
1056657312
edge 70 1 2
 weight 0.000000
 verts 25 27
 polys 23 94
 slots 0 2
 uveds 70
0
edge 71 1 2
 weight 0.000000
 verts 21 20
 polys 24 25
 slots 1 3
 uveds 71
1056655728
edge 72 1 2
 weight 0.000000
 verts 0 10
 polys 27 28
 slots 1 3
 uveds 72
1056658280
edge 73 1 2
 weight 0.000000
 verts 15 13
 polys 30 31
 slots 1 3
 uveds 73
1056661184
edge 74 1 2
 weight 0.000000
 verts 71 67
 polys 33 34
 slots 1 3
 uveds 74
1056651152
edge 75 1 2
 weight 0.000000
 verts 65 66
 polys 35 115
 slots 2 0
 uveds 75
0
edge 76 1 2
 weight 0.000000
 verts 112 89
 polys 36 79
 slots 0 2
 uveds 76
0
edge 77 1 2
 weight 0.000000
 verts 89 90
 polys 36 78
 slots 1 3
 uveds 77
1056653528
edge 78 1 2
 weight 0.000000
 verts 90 93
 polys 36 80
 slots 2 0
 uveds 78
1056661712
edge 79 1 2
 weight 0.000000
 verts 93 112
 polys 36 37
 slots 3 1
 uveds 79
1056652560
edge 80 1 2
 weight 0.000000
 verts 102 112
 polys 37 77
 slots 0 2
 uveds 80
0
edge 81 1 2
 weight 0.000000
 verts 93 94
 polys 37 81
 slots 2 0
 uveds 81
1056660744
edge 82 1 2
 weight 0.000000
 verts 94 102
 polys 37 38
 slots 3 1
 uveds 82
1056654672
edge 83 1 2
 weight 0.000000
 verts 91 102
 polys 38 39
 slots 0 2
 uveds 83
0
edge 84 1 2
 weight 0.000000
 verts 94 92
 polys 38 82
 slots 2 0
 uveds 84
1056659776
edge 85 1 2
 weight 0.000000
 verts 92 91
 polys 38 78
 slots 3 1
 uveds 85
1056658192
edge 86 1 2
 weight 0.000000
 verts 96 103
 polys 39 76
 slots 0 2
 uveds 86
0
edge 87 1 2
 weight 0.000000
 verts 103 102
 polys 39 77
 slots 1 3
 uveds 87
1056655200
edge 88 1 2
 weight 0.000000
 verts 91 96
 polys 39 40
 slots 3 1
 uveds 88
1056658456
edge 89 1 2
 weight 0.000000
 verts 113 96
 polys 40 41
 slots 0 2
 uveds 89
0
edge 90 1 2
 weight 0.000000
 verts 91 89
 polys 40 78
 slots 2 0
 uveds 90
0
edge 91 1 2
 weight 0.000000
 verts 89 113
 polys 40 79
 slots 3 1
 uveds 91
1056652032
edge 92 1 2
 weight 0.000000
 verts 97 98
 polys 41 75
 slots 0 2
 uveds 92
0
edge 93 1 2
 weight 0.000000
 verts 98 96
 polys 41 76
 slots 1 3
 uveds 93
1056659336
edge 94 1 2
 weight 0.000000
 verts 113 97
 polys 41 42
 slots 3 1
 uveds 94
1056652208
edge 95 1 2
 weight 0.000000
 verts 115 97
 polys 42 74
 slots 0 2
 uveds 95
0
edge 96 1 2
 weight 0.000000
 verts 113 114
 polys 42 79
 slots 2 0
 uveds 96
0
edge 97 1 2
 weight 0.000000
 verts 114 115
 polys 42 43
 slots 3 1
 uveds 97
1056654496
edge 98 1 2
 weight 0.000000
 verts 105 115
 polys 43 44
 slots 0 2
 uveds 98
0
edge 99 1 2
 weight 0.000000
 verts 114 103
 polys 43 77
 slots 2 0
 uveds 99
0
edge 100 1 2
 weight 0.000000
 verts 103 105
 polys 43 76
 slots 3 1
 uveds 100
1056655376
edge 101 1 2
 weight 0.000000
 verts 106 107
 polys 44 73
 slots 0 2
 uveds 101
0
edge 102 1 2
 weight 0.000000
 verts 107 115
 polys 44 74
 slots 1 3
 uveds 102
1056655464
edge 103 1 2
 weight 0.000000
 verts 105 106
 polys 44 45
 slots 3 1
 uveds 103
1056655552
edge 104 1 2
 weight 0.000000
 verts 99 106
 polys 45 46
 slots 0 2
 uveds 104
0
edge 105 1 2
 weight 0.000000
 verts 105 98
 polys 45 76
 slots 2 0
 uveds 105
0
edge 106 1 2
 weight 0.000000
 verts 98 99
 polys 45 75
 slots 3 1
 uveds 106
1056658544
edge 107 1 2
 weight 0.000000
 verts 54 59
 polys 46 72
 slots 0 2
 uveds 107
0
edge 108 1 2
 weight 0.000000
 verts 59 106
 polys 46 73
 slots 1 3
 uveds 108
1056656608
edge 109 1 2
 weight 0.000000
 verts 99 54
 polys 46 47
 slots 3 1
 uveds 109
1056658720
edge 110 1 2
 weight 0.000000
 verts 100 54
 polys 47 71
 slots 0 2
 uveds 110
0
edge 111 1 2
 weight 0.000000
 verts 99 101
 polys 47 75
 slots 2 0
 uveds 111
0
edge 112 1 2
 weight 0.000000
 verts 101 100
 polys 47 48
 slots 3 1
 uveds 112
1056653088
edge 113 1 2
 weight 0.000000
 verts 108 100
 polys 48 49
 slots 0 2
 uveds 113
0
edge 114 1 2
 weight 0.000000
 verts 101 107
 polys 48 74
 slots 2 0
 uveds 114
0
edge 115 1 2
 weight 0.000000
 verts 107 108
 polys 48 73
 slots 3 1
 uveds 115
1056654760
edge 116 1 2
 weight 0.000000
 verts 104 95
 polys 49 70
 slots 0 2
 uveds 116
0
edge 117 1 2
 weight 0.000000
 verts 95 100
 polys 49 71
 slots 1 3
 uveds 117
1056652824
edge 118 1 2
 weight 0.000000
 verts 108 104
 polys 49 50
 slots 3 1
 uveds 118
1056654144
edge 119 1 2
 weight 0.000000
 verts 55 104
 polys 50 51
 slots 0 2
 uveds 119
0
edge 120 1 2
 weight 0.000000
 verts 108 59
 polys 50 73
 slots 2 0
 uveds 120
0
edge 121 1 2
 weight 0.000000
 verts 59 55
 polys 50 72
 slots 3 1
 uveds 121
1056658808
edge 122 1 2
 weight 0.000000
 verts 56 57
 polys 51 69
 slots 0 2
 uveds 122
0
edge 123 1 2
 weight 0.000000
 verts 57 104
 polys 51 70
 slots 1 3
 uveds 123
1056655288
edge 124 1 2
 weight 0.000000
 verts 55 56
 polys 51 52
 slots 3 1
 uveds 124
1056656872
edge 125 1 2
 weight 0.000000
 verts 48 56
 polys 52 68
 slots 0 2
 uveds 125
0
edge 126 1 2
 weight 0.000000
 verts 55 49
 polys 52 72
 slots 2 0
 uveds 126
0
edge 127 1 2
 weight 0.000000
 verts 49 48
 polys 52 53
 slots 3 1
 uveds 127
1056660480
edge 128 1 2
 weight 0.000000
 verts 50 48
 polys 53 54
 slots 0 2
 uveds 128
0
edge 129 1 2
 weight 0.000000
 verts 49 95
 polys 53 71
 slots 2 0
 uveds 129
0
edge 130 1 2
 weight 0.000000
 verts 95 50
 polys 53 70
 slots 3 1
 uveds 130
1056651064
edge 131 1 2
 weight 0.000000
 verts 51 52
 polys 54 67
 slots 0 2
 uveds 131
0
edge 132 1 2
 weight 0.000000
 verts 52 48
 polys 54 68
 slots 1 3
 uveds 132
1056660568
edge 133 1 2
 weight 0.000000
 verts 50 51
 polys 54 55
 slots 3 1
 uveds 133
1056653000
edge 134 1 2
 weight 0.000000
 verts 58 51
 polys 55 56
 slots 0 2
 uveds 134
0
edge 135 1 2
 weight 0.000000
 verts 50 57
 polys 55 70
 slots 2 0
 uveds 135
0
edge 136 1 2
 weight 0.000000
 verts 57 58
 polys 55 69
 slots 3 1
 uveds 136
1056656520
edge 137 1 2
 weight 0.000000
 verts 46 53
 polys 56 66
 slots 0 2
 uveds 137
0
edge 138 1 2
 weight 0.000000
 verts 53 51
 polys 56 67
 slots 1 3
 uveds 138
1056653440
edge 139 1 2
 weight 0.000000
 verts 58 46
 polys 56 57
 slots 3 1
 uveds 139
1056656432
edge 140 1 2
 weight 0.000000
 verts 5 46
 polys 57 65
 slots 0 2
 uveds 140
0
edge 141 1 2
 weight 0.000000
 verts 58 7
 polys 57 69
 slots 2 0
 uveds 141
0
edge 142 1 2
 weight 0.000000
 verts 7 5
 polys 57 58
 slots 3 1
 uveds 142
1056658632
edge 143 1 2
 weight 0.000000
 verts 6 5
 polys 58 59
 slots 0 2
 uveds 143
0
edge 144 1 2
 weight 0.000000
 verts 7 52
 polys 58 68
 slots 2 0
 uveds 144
0
edge 145 1 2
 weight 0.000000
 verts 52 6
 polys 58 67
 slots 3 1
 uveds 145
1056661096
edge 146 1 2
 weight 0.000000
 verts 42 4
 polys 59 64
 slots 0 2
 uveds 146
0
edge 147 1 2
 weight 0.000000
 verts 4 5
 polys 59 65
 slots 1 3
 uveds 147
1056657576
edge 148 1 2
 weight 0.000000
 verts 6 42
 polys 59 60
 slots 3 1
 uveds 148
1056661976
edge 149 1 2
 weight 0.000000
 verts 43 42
 polys 60 61
 slots 0 2
 uveds 149
0
edge 150 1 2
 weight 0.000000
 verts 6 53
 polys 60 67
 slots 2 0
 uveds 150
0
edge 151 1 2
 weight 0.000000
 verts 53 43
 polys 60 66
 slots 3 1
 uveds 151
1056651592
edge 152 1 2
 weight 0.000000
 verts 44 45
 polys 61 99
 slots 0 2
 uveds 152
0
edge 153 1 2
 weight 0.000000
 verts 45 42
 polys 61 64
 slots 1 3
 uveds 153
1056662064
edge 154 1 2
 weight 0.000000
 verts 43 44
 polys 61 62
 slots 3 1
 uveds 154
1056652296
edge 155 1 2
 weight 0.000000
 verts 40 44
 polys 62 96
 slots 0 2
 uveds 155
0
edge 156 1 2
 weight 0.000000
 verts 43 47
 polys 62 66
 slots 2 0
 uveds 156
0
edge 157 1 2
 weight 0.000000
 verts 47 40
 polys 62 63
 slots 3 1
 uveds 157
1056653792
edge 158 1 2
 weight 0.000000
 verts 41 40
 polys 63 97
 slots 0 2
 uveds 158
0
edge 159 1 2
 weight 0.000000
 verts 47 4
 polys 63 65
 slots 2 0
 uveds 159
0
edge 160 1 2
 weight 0.000000
 verts 4 41
 polys 63 64
 slots 3 1
 uveds 160
1056657664
edge 161 1 2
 weight 0.000000
 verts 45 41
 polys 64 98
 slots 0 2
 uveds 161
0
edge 162 1 2
 weight 0.000000
 verts 47 46
 polys 65 66
 slots 1 3
 uveds 162
1056656168
edge 163 1 2
 weight 0.000000
 verts 7 56
 polys 68 69
 slots 1 3
 uveds 163
1056656696
edge 164 1 2
 weight 0.000000
 verts 49 54
 polys 71 72
 slots 1 3
 uveds 164
1056659424
edge 165 1 2
 weight 0.000000
 verts 101 97
 polys 74 75
 slots 1 3
 uveds 165
1056653176
edge 166 1 2
 weight 0.000000
 verts 114 112
 polys 77 79
 slots 1 3
 uveds 166
1056654320
edge 167 1 2
 weight 0.000000
 verts 92 90
 polys 78 83
 slots 2 0
 uveds 167
1056661888
edge 168 1 2
 weight 0.000000
 verts 90 86
 polys 80 83
 slots 1 3
 uveds 168
1056651416
edge 169 1 2
 weight 0.000000
 verts 86 87
 polys 80 84
 slots 2 0
 uveds 169
1056659864
edge 170 1 2
 weight 0.000000
 verts 87 93
 polys 80 81
 slots 3 1
 uveds 170
1056652736
edge 171 1 2
 weight 0.000000
 verts 87 88
 polys 81 85
 slots 2 0
 uveds 171
1056660128
edge 172 1 2
 weight 0.000000
 verts 88 94
 polys 81 82
 slots 3 1
 uveds 172
1056657488
edge 173 1 2
 weight 0.000000
 verts 88 37
 polys 82 86
 slots 2 0
 uveds 173
1056660040
edge 174 1 2
 weight 0.000000
 verts 37 92
 polys 82 83
 slots 3 1
 uveds 174
1056658104
edge 175 1 2
 weight 0.000000
 verts 37 86
 polys 83 87
 slots 2 0
 uveds 175
1056659688
edge 176 1 2
 weight 0.000000
 verts 86 80
 polys 84 87
 slots 1 3
 uveds 176
1056651768
edge 177 1 2
 weight 0.000000
 verts 80 82
 polys 84 88
 slots 2 0
 uveds 177
0
edge 178 1 2
 weight 0.000000
 verts 82 87
 polys 84 85
 slots 3 1
 uveds 178
1056653880
edge 179 1 2
 weight 0.000000
 verts 82 39
 polys 85 89
 slots 2 0
 uveds 179
0
edge 180 1 2
 weight 0.000000
 verts 39 88
 polys 85 86
 slots 3 1
 uveds 180
1056659248
edge 181 1 2
 weight 0.000000
 verts 39 38
 polys 86 90
 slots 2 0
 uveds 181
0
edge 182 1 2
 weight 0.000000
 verts 38 37
 polys 86 87
 slots 3 1
 uveds 182
1056661536
edge 183 1 2
 weight 0.000000
 verts 38 80
 polys 87 91
 slots 2 0
 uveds 183
0
edge 184 1 2
 weight 0.000000
 verts 80 81
 polys 88 91
 slots 1 3
 uveds 184
1056650976
edge 185 1 2
 weight 0.000000
 verts 81 32
 polys 88 92
 slots 2 0
 uveds 185
0
edge 186 1 2
 weight 0.000000
 verts 32 82
 polys 88 89
 slots 3 1
 uveds 186
1056655816
edge 187 1 2
 weight 0.000000
 verts 32 33
 polys 89 93
 slots 2 0
 uveds 187
0
edge 188 1 2
 weight 0.000000
 verts 33 39
 polys 89 90
 slots 3 1
 uveds 188
1056659160
edge 189 1 2
 weight 0.000000
 verts 33 31
 polys 90 94
 slots 2 0
 uveds 189
0
edge 190 1 2
 weight 0.000000
 verts 31 38
 polys 90 91
 slots 3 1
 uveds 190
1056659952
edge 191 1 2
 weight 0.000000
 verts 31 81
 polys 91 95
 slots 2 0
 uveds 191
0
edge 192 1 2
 weight 0.000000
 verts 81 24
 polys 92 95
 slots 1 3
 uveds 192
1056653352
edge 193 1 2
 weight 0.000000
 verts 26 32
 polys 92 93
 slots 3 1
 uveds 193
1056653968
edge 194 1 2
 weight 0.000000
 verts 27 33
 polys 93 94
 slots 3 1
 uveds 194
1056658368
edge 195 1 2
 weight 0.000000
 verts 25 31
 polys 94 95
 slots 3 1
 uveds 195
1056660656
edge 196 1 2
 weight 0.000000
 verts 34 84
 polys 96 100
 slots 0 2
 uveds 196
0
edge 197 1 2
 weight 0.000000
 verts 84 44
 polys 96 99
 slots 1 3
 uveds 197
1056652912
edge 198 1 2
 weight 0.000000
 verts 40 34
 polys 96 97
 slots 3 1
 uveds 198
1056654584
edge 199 1 2
 weight 0.000000
 verts 35 34
 polys 97 101
 slots 0 2
 uveds 199
0
edge 200 1 2
 weight 0.000000
 verts 41 35
 polys 97 98
 slots 3 1
 uveds 200
1056657752
edge 201 1 2
 weight 0.000000
 verts 36 35
 polys 98 102
 slots 0 2
 uveds 201
0
edge 202 1 2
 weight 0.000000
 verts 45 36
 polys 98 99
 slots 3 1
 uveds 202
1056662152
edge 203 1 2
 weight 0.000000
 verts 84 36
 polys 99 103
 slots 0 2
 uveds 203
0
edge 204 1 2
 weight 0.000000
 verts 83 85
 polys 100 104
 slots 0 2
 uveds 204
0
edge 205 1 2
 weight 0.000000
 verts 85 84
 polys 100 103
 slots 1 3
 uveds 205
1056652120
edge 206 1 2
 weight 0.000000
 verts 34 83
 polys 100 101
 slots 3 1
 uveds 206
1056654232
edge 207 1 2
 weight 0.000000
 verts 28 83
 polys 101 105
 slots 0 2
 uveds 207
0
edge 208 1 2
 weight 0.000000
 verts 35 28
 polys 101 102
 slots 3 1
 uveds 208
1056657400
edge 209 1 2
 weight 0.000000
 verts 29 28
 polys 102 106
 slots 0 2
 uveds 209
0
edge 210 1 2
 weight 0.000000
 verts 36 29
 polys 102 103
 slots 3 1
 uveds 210
1056660392
edge 211 1 2
 weight 0.000000
 verts 85 29
 polys 103 107
 slots 0 2
 uveds 211
0
edge 212 1 2
 weight 0.000000
 verts 77 79
 polys 104 108
 slots 0 2
 uveds 212
0
edge 213 1 2
 weight 0.000000
 verts 79 85
 polys 104 107
 slots 1 3
 uveds 213
1056651504
edge 214 1 2
 weight 0.000000
 verts 83 77
 polys 104 105
 slots 3 1
 uveds 214
1056656344
edge 215 1 2
 weight 0.000000
 verts 78 77
 polys 105 109
 slots 0 2
 uveds 215
0
edge 216 1 2
 weight 0.000000
 verts 28 78
 polys 105 106
 slots 3 1
 uveds 216
1056656960
edge 217 1 2
 weight 0.000000
 verts 30 78
 polys 106 110
 slots 0 2
 uveds 217
0
edge 218 1 2
 weight 0.000000
 verts 29 30
 polys 106 107
 slots 3 1
 uveds 218
1056661624
edge 219 1 2
 weight 0.000000
 verts 79 30
 polys 107 111
 slots 0 2
 uveds 219
0
edge 220 1 2
 weight 0.000000
 verts 73 75
 polys 108 112
 slots 0 2
 uveds 220
0
edge 221 1 2
 weight 0.000000
 verts 75 79
 polys 108 111
 slots 1 3
 uveds 221
1056651328
edge 222 1 2
 weight 0.000000
 verts 77 73
 polys 108 109
 slots 3 1
 uveds 222
1056654848
edge 223 1 2
 weight 0.000000
 verts 74 73
 polys 109 113
 slots 0 2
 uveds 223
0
edge 224 1 2
 weight 0.000000
 verts 78 74
 polys 109 110
 slots 3 1
 uveds 224
1056657840
edge 225 1 2
 weight 0.000000
 verts 76 74
 polys 110 114
 slots 0 2
 uveds 225
0
edge 226 1 2
 weight 0.000000
 verts 30 76
 polys 110 111
 slots 3 1
 uveds 226
1056660832
edge 227 1 2
 weight 0.000000
 verts 75 76
 polys 111 118
 slots 0 2
 uveds 227
0
edge 228 1 2
 weight 0.000000
 verts 119 117
 polys 112 119
 slots 0 2
 uveds 228
0
edge 229 1 2
 weight 0.000000
 verts 117 75
 polys 112 118
 slots 1 3
 uveds 229
1056651240
edge 230 1 2
 weight 0.000000
 verts 73 119
 polys 112 113
 slots 3 1
 uveds 230
1056655024
edge 231 1 2
 weight 0.000000
 verts 116 119
 polys 113 117
 slots 0 2
 uveds 231
0
edge 232 1 2
 weight 0.000000
 verts 74 116
 polys 113 114
 slots 3 1
 uveds 232
1056657928
edge 233 1 2
 weight 0.000000
 verts 118 116
 polys 114 115
 slots 0 2
 uveds 233
0
edge 234 1 2
 weight 0.000000
 verts 76 118
 polys 114 118
 slots 3 1
 uveds 234
1056660920
edge 235 1 2
 weight 0.000000
 verts 65 116
 polys 115 117
 slots 1 3
 uveds 235
1056658984
edge 236 1 2
 weight 0.000000
 verts 118 66
 polys 115 116
 slots 3 1
 uveds 236
1056661800
edge 237 1 2
 weight 0.000000
 verts 118 117
 polys 116 118
 slots 2 0
 uveds 237
0
edge 238 1 2
 weight 0.000000
 verts 117 111
 polys 116 119
 slots 3 1
 uveds 238
1056652384
edge 239 1 2
 weight 0.000000
 verts 110 119
 polys 117 119
 slots 1 3
 uveds 239
1056656080
uved 0 2 0 0
 uvvrs 0 1
 uveds 0 1
 polys 0 34
 slots 0 2
uved 1 2 0 1
 uvvrs 1 2
 uveds 2 3
 polys 0 35
 slots 1 3
uved 2 2 0 2
 uvvrs 2 3
 uveds 4 5
 polys 0 116
 slots 2 0
uved 3 2 0 3
 uvvrs 3 0
 uveds 6 7
 polys 0 1
 slots 3 1
uved 4 2 0 4
 uvvrs 4 0
 uveds 8 9
 polys 1 33
 slots 0 2
uved 5 2 0 5
 uvvrs 3 5
 uveds 10 11
 polys 1 119
 slots 2 0
uved 6 2 0 6
 uvvrs 5 4
 uveds 12 13
 polys 1 2
 slots 3 1
uved 7 2 0 7
 uvvrs 6 4
 uveds 14 15
 polys 2 3
 slots 0 2
uved 8 2 0 8
 uvvrs 5 7
 uveds 16 17
 polys 2 117
 slots 2 0
uved 9 2 0 9
 uvvrs 7 6
 uveds 18 19
 polys 2 35
 slots 3 1
uved 10 2 0 10
 uvvrs 8 9
 uveds 20 21
 polys 3 32
 slots 0 2
uved 11 2 0 11
 uvvrs 9 4
 uveds 22 23
 polys 3 33
 slots 1 3
uved 12 2 0 12
 uvvrs 6 8
 uveds 24 25
 polys 3 4
 slots 3 1
uved 13 2 0 13
 uvvrs 10 8
 uveds 26 27
 polys 4 5
 slots 0 2
uved 14 2 0 14
 uvvrs 6 1
 uveds 28 29
 polys 4 35
 slots 2 0
uved 15 2 0 15
 uvvrs 1 10
 uveds 30 31
 polys 4 34
 slots 3 1
uved 16 2 0 16
 uvvrs 11 12
 uveds 32 33
 polys 5 31
 slots 0 2
uved 17 2 0 17
 uvvrs 12 8
 uveds 34 35
 polys 5 32
 slots 1 3
uved 18 2 0 18
 uvvrs 10 11
 uveds 36 37
 polys 5 6
 slots 3 1
uved 19 2 0 19
 uvvrs 13 11
 uveds 38 39
 polys 6 30
 slots 0 2
uved 20 2 0 20
 uvvrs 10 14
 uveds 40 41
 polys 6 34
 slots 2 0
uved 21 2 0 21
 uvvrs 14 13
 uveds 42 43
 polys 6 7
 slots 3 1
uved 22 2 0 22
 uvvrs 15 13
 uveds 44 45
 polys 7 8
 slots 0 2
uved 23 2 0 23
 uvvrs 14 9
 uveds 46 47
 polys 7 33
 slots 2 0
uved 24 2 0 24
 uvvrs 9 15
 uveds 48 49
 polys 7 32
 slots 3 1
uved 25 2 0 25
 uvvrs 16 17
 uveds 50 51
 polys 8 29
 slots 0 2
uved 26 2 0 26
 uvvrs 17 13
 uveds 52 53
 polys 8 30
 slots 1 3
uved 27 2 0 27
 uvvrs 15 16
 uveds 54 55
 polys 8 9
 slots 3 1
uved 28 2 0 28
 uvvrs 18 16
 uveds 56 57
 polys 9 10
 slots 0 2
uved 29 2 0 29
 uvvrs 15 12
 uveds 58 59
 polys 9 32
 slots 2 0
uved 30 2 0 30
 uvvrs 12 18
 uveds 60 61
 polys 9 31
 slots 3 1
uved 31 2 0 31
 uvvrs 19 20
 uveds 62 63
 polys 10 28
 slots 0 2
uved 32 2 0 32
 uvvrs 20 16
 uveds 64 65
 polys 10 29
 slots 1 3
uved 33 2 0 33
 uvvrs 18 19
 uveds 66 67
 polys 10 11
 slots 3 1
uved 34 2 0 34
 uvvrs 21 19
 uveds 68 69
 polys 11 27
 slots 0 2
uved 35 2 0 35
 uvvrs 18 22
 uveds 70 71
 polys 11 31
 slots 2 0
uved 36 2 0 36
 uvvrs 22 21
 uveds 72 73
 polys 11 12
 slots 3 1
uved 37 2 0 37
 uvvrs 23 21
 uveds 74 75
 polys 12 13
 slots 0 2
uved 38 2 0 38
 uvvrs 22 17
 uveds 76 77
 polys 12 30
 slots 2 0
uved 39 2 0 39
 uvvrs 17 23
 uveds 78 79
 polys 12 29
 slots 3 1
uved 40 2 0 40
 uvvrs 24 25
 uveds 80 81
 polys 13 26
 slots 0 2
uved 41 2 0 41
 uvvrs 25 21
 uveds 82 83
 polys 13 27
 slots 1 3
uved 42 2 0 42
 uvvrs 23 24
 uveds 84 85
 polys 13 14
 slots 3 1
uved 43 2 0 43
 uvvrs 26 24
 uveds 86 87
 polys 14 15
 slots 0 2
uved 44 2 0 44
 uvvrs 23 20
 uveds 88 89
 polys 14 29
 slots 2 0
uved 45 2 0 45
 uvvrs 20 26
 uveds 90 91
 polys 14 28
 slots 3 1
uved 46 2 0 46
 uvvrs 27 28
 uveds 92 93
 polys 15 25
 slots 0 2
uved 47 2 0 47
 uvvrs 28 24
 uveds 94 95
 polys 15 26
 slots 1 3
uved 48 2 0 48
 uvvrs 26 27
 uveds 96 97
 polys 15 16
 slots 3 1
uved 49 2 0 49
 uvvrs 29 27
 uveds 98 99
 polys 16 24
 slots 0 2
uved 50 2 0 50
 uvvrs 26 30
 uveds 100 101
 polys 16 28
 slots 2 0
uved 51 2 0 51
 uvvrs 30 29
 uveds 102 103
 polys 16 17
 slots 3 1
uved 52 2 0 52
 uvvrs 31 29
 uveds 104 105
 polys 17 18
 slots 0 2
uved 53 2 0 53
 uvvrs 30 25
 uveds 106 107
 polys 17 27
 slots 2 0
uved 54 2 0 54
 uvvrs 25 31
 uveds 108 109
 polys 17 26
 slots 3 1
uved 55 2 0 55
 uvvrs 32 33
 uveds 110 111
 polys 18 23
 slots 0 2
uved 56 2 0 56
 uvvrs 33 29
 uveds 112 113
 polys 18 24
 slots 1 3
uved 57 2 0 57
 uvvrs 31 32
 uveds 114 115
 polys 18 19
 slots 3 1
uved 58 2 0 58
 uvvrs 34 32
 uveds 116 117
 polys 19 20
 slots 0 2
uved 59 2 0 59
 uvvrs 31 28
 uveds 118 119
 polys 19 26
 slots 2 0
uved 60 2 0 60
 uvvrs 28 34
 uveds 120 121
 polys 19 25
 slots 3 1
uved 61 2 0 61
 uvvrs 35 36
 uveds 122 123
 polys 20 95
 slots 0 2
uved 62 2 0 62
 uvvrs 36 32
 uveds 124 125
 polys 20 23
 slots 1 3
uved 63 2 0 63
 uvvrs 34 35
 uveds 126 127
 polys 20 21
 slots 3 1
uved 64 2 0 64
 uvvrs 37 35
 uveds 128 129
 polys 21 92
 slots 0 2
uved 65 2 0 65
 uvvrs 34 38
 uveds 130 131
 polys 21 25
 slots 2 0
uved 66 2 0 66
 uvvrs 38 37
 uveds 132 133
 polys 21 22
 slots 3 1
uved 67 2 0 67
 uvvrs 39 37
 uveds 134 135
 polys 22 93
 slots 0 2
uved 68 2 0 68
 uvvrs 38 33
 uveds 136 137
 polys 22 24
 slots 2 0
uved 69 2 0 69
 uvvrs 33 39
 uveds 138 139
 polys 22 23
 slots 3 1
uved 70 2 0 70
 uvvrs 36 39
 uveds 140 141
 polys 23 94
 slots 0 2
uved 71 2 0 71
 uvvrs 38 27
 uveds 142 143
 polys 24 25
 slots 1 3
uved 72 2 0 72
 uvvrs 30 19
 uveds 144 145
 polys 27 28
 slots 1 3
uved 73 2 0 73
 uvvrs 22 11
 uveds 146 147
 polys 30 31
 slots 1 3
uved 74 2 0 74
 uvvrs 14 0
 uveds 148 149
 polys 33 34
 slots 1 3
uved 75 2 0 75
 uvvrs 7 2
 uveds 150 151
 polys 35 115
 slots 2 0
uved 76 2 0 76
 uvvrs 40 41
 uveds 152 153
 polys 36 79
 slots 0 2
uved 77 2 0 77
 uvvrs 41 42
 uveds 154 155
 polys 36 78
 slots 1 3
uved 78 2 0 78
 uvvrs 42 43
 uveds 156 157
 polys 36 80
 slots 2 0
uved 79 2 0 79
 uvvrs 43 40
 uveds 158 159
 polys 36 37
 slots 3 1
uved 80 2 0 80
 uvvrs 44 40
 uveds 160 161
 polys 37 77
 slots 0 2
uved 81 2 0 81
 uvvrs 43 45
 uveds 162 163
 polys 37 81
 slots 2 0
uved 82 2 0 82
 uvvrs 45 44
 uveds 164 165
 polys 37 38
 slots 3 1
uved 83 2 0 83
 uvvrs 46 44
 uveds 166 167
 polys 38 39
 slots 0 2
uved 84 2 0 84
 uvvrs 45 47
 uveds 168 169
 polys 38 82
 slots 2 0
uved 85 2 0 85
 uvvrs 47 46
 uveds 170 171
 polys 38 78
 slots 3 1
uved 86 2 0 86
 uvvrs 48 49
 uveds 172 173
 polys 39 76
 slots 0 2
uved 87 2 0 87
 uvvrs 49 44
 uveds 174 175
 polys 39 77
 slots 1 3
uved 88 2 0 88
 uvvrs 46 48
 uveds 176 177
 polys 39 40
 slots 3 1
uved 89 2 0 89
 uvvrs 50 48
 uveds 178 179
 polys 40 41
 slots 0 2
uved 90 2 0 90
 uvvrs 46 41
 uveds 180 181
 polys 40 78
 slots 2 0
uved 91 2 0 91
 uvvrs 41 50
 uveds 182 183
 polys 40 79
 slots 3 1
uved 92 2 0 92
 uvvrs 51 52
 uveds 184 185
 polys 41 75
 slots 0 2
uved 93 2 0 93
 uvvrs 52 48
 uveds 186 187
 polys 41 76
 slots 1 3
uved 94 2 0 94
 uvvrs 50 51
 uveds 188 189
 polys 41 42
 slots 3 1
uved 95 2 0 95
 uvvrs 53 51
 uveds 190 191
 polys 42 74
 slots 0 2
uved 96 2 0 96
 uvvrs 50 54
 uveds 192 193
 polys 42 79
 slots 2 0
uved 97 2 0 97
 uvvrs 54 53
 uveds 194 195
 polys 42 43
 slots 3 1
uved 98 2 0 98
 uvvrs 55 53
 uveds 196 197
 polys 43 44
 slots 0 2
uved 99 2 0 99
 uvvrs 54 49
 uveds 198 199
 polys 43 77
 slots 2 0
uved 100 2 0 100
 uvvrs 49 55
 uveds 200 201
 polys 43 76
 slots 3 1
uved 101 2 0 101
 uvvrs 56 57
 uveds 202 203
 polys 44 73
 slots 0 2
uved 102 2 0 102
 uvvrs 57 53
 uveds 204 205
 polys 44 74
 slots 1 3
uved 103 2 0 103
 uvvrs 55 56
 uveds 206 207
 polys 44 45
 slots 3 1
uved 104 2 0 104
 uvvrs 58 56
 uveds 208 209
 polys 45 46
 slots 0 2
uved 105 2 0 105
 uvvrs 55 52
 uveds 210 211
 polys 45 76
 slots 2 0
uved 106 2 0 106
 uvvrs 52 58
 uveds 212 213
 polys 45 75
 slots 3 1
uved 107 2 0 107
 uvvrs 59 60
 uveds 214 215
 polys 46 72
 slots 0 2
uved 108 2 0 108
 uvvrs 60 56
 uveds 216 217
 polys 46 73
 slots 1 3
uved 109 2 0 109
 uvvrs 58 59
 uveds 218 219
 polys 46 47
 slots 3 1
uved 110 2 0 110
 uvvrs 61 59
 uveds 220 221
 polys 47 71
 slots 0 2
uved 111 2 0 111
 uvvrs 58 62
 uveds 222 223
 polys 47 75
 slots 2 0
uved 112 2 0 112
 uvvrs 62 61
 uveds 224 225
 polys 47 48
 slots 3 1
uved 113 2 0 113
 uvvrs 63 61
 uveds 226 227
 polys 48 49
 slots 0 2
uved 114 2 0 114
 uvvrs 62 57
 uveds 228 229
 polys 48 74
 slots 2 0
uved 115 2 0 115
 uvvrs 57 63
 uveds 230 231
 polys 48 73
 slots 3 1
uved 116 2 0 116
 uvvrs 64 65
 uveds 232 233
 polys 49 70
 slots 0 2
uved 117 2 0 117
 uvvrs 65 61
 uveds 234 235
 polys 49 71
 slots 1 3
uved 118 2 0 118
 uvvrs 63 64
 uveds 236 237
 polys 49 50
 slots 3 1
uved 119 2 0 119
 uvvrs 66 64
 uveds 238 239
 polys 50 51
 slots 0 2
uved 120 2 0 120
 uvvrs 63 60
 uveds 240 241
 polys 50 73
 slots 2 0
uved 121 2 0 121
 uvvrs 60 66
 uveds 242 243
 polys 50 72
 slots 3 1
uved 122 2 0 122
 uvvrs 67 68
 uveds 244 245
 polys 51 69
 slots 0 2
uved 123 2 0 123
 uvvrs 68 64
 uveds 246 247
 polys 51 70
 slots 1 3
uved 124 2 0 124
 uvvrs 66 67
 uveds 248 249
 polys 51 52
 slots 3 1
uved 125 2 0 125
 uvvrs 69 67
 uveds 250 251
 polys 52 68
 slots 0 2
uved 126 2 0 126
 uvvrs 66 70
 uveds 252 253
 polys 52 72
 slots 2 0
uved 127 2 0 127
 uvvrs 70 69
 uveds 254 255
 polys 52 53
 slots 3 1
uved 128 2 0 128
 uvvrs 71 69
 uveds 256 257
 polys 53 54
 slots 0 2
uved 129 2 0 129
 uvvrs 70 65
 uveds 258 259
 polys 53 71
 slots 2 0
uved 130 2 0 130
 uvvrs 65 71
 uveds 260 261
 polys 53 70
 slots 3 1
uved 131 2 0 131
 uvvrs 72 73
 uveds 262 263
 polys 54 67
 slots 0 2
uved 132 2 0 132
 uvvrs 73 69
 uveds 264 265
 polys 54 68
 slots 1 3
uved 133 2 0 133
 uvvrs 71 72
 uveds 266 267
 polys 54 55
 slots 3 1
uved 134 2 0 134
 uvvrs 74 72
 uveds 268 269
 polys 55 56
 slots 0 2
uved 135 2 0 135
 uvvrs 71 68
 uveds 270 271
 polys 55 70
 slots 2 0
uved 136 2 0 136
 uvvrs 68 74
 uveds 272 273
 polys 55 69
 slots 3 1
uved 137 2 0 137
 uvvrs 75 76
 uveds 274 275
 polys 56 66
 slots 0 2
uved 138 2 0 138
 uvvrs 76 72
 uveds 276 277
 polys 56 67
 slots 1 3
uved 139 2 0 139
 uvvrs 74 75
 uveds 278 279
 polys 56 57
 slots 3 1
uved 140 2 0 140
 uvvrs 77 75
 uveds 280 281
 polys 57 65
 slots 0 2
uved 141 2 0 141
 uvvrs 74 78
 uveds 282 283
 polys 57 69
 slots 2 0
uved 142 2 0 142
 uvvrs 78 77
 uveds 284 285
 polys 57 58
 slots 3 1
uved 143 2 0 143
 uvvrs 79 77
 uveds 286 287
 polys 58 59
 slots 0 2
uved 144 2 0 144
 uvvrs 78 73
 uveds 288 289
 polys 58 68
 slots 2 0
uved 145 2 0 145
 uvvrs 73 79
 uveds 290 291
 polys 58 67
 slots 3 1
uved 146 2 0 146
 uvvrs 80 81
 uveds 292 293
 polys 59 64
 slots 0 2
uved 147 2 0 147
 uvvrs 81 77
 uveds 294 295
 polys 59 65
 slots 1 3
uved 148 2 0 148
 uvvrs 79 80
 uveds 296 297
 polys 59 60
 slots 3 1
uved 149 2 0 149
 uvvrs 82 80
 uveds 298 299
 polys 60 61
 slots 0 2
uved 150 2 0 150
 uvvrs 79 76
 uveds 300 301
 polys 60 67
 slots 2 0
uved 151 2 0 151
 uvvrs 76 82
 uveds 302 303
 polys 60 66
 slots 3 1
uved 152 2 0 152
 uvvrs 83 84
 uveds 304 305
 polys 61 99
 slots 0 2
uved 153 2 0 153
 uvvrs 84 80
 uveds 306 307
 polys 61 64
 slots 1 3
uved 154 2 0 154
 uvvrs 82 83
 uveds 308 309
 polys 61 62
 slots 3 1
uved 155 2 0 155
 uvvrs 85 83
 uveds 310 311
 polys 62 96
 slots 0 2
uved 156 2 0 156
 uvvrs 82 86
 uveds 312 313
 polys 62 66
 slots 2 0
uved 157 2 0 157
 uvvrs 86 85
 uveds 314 315
 polys 62 63
 slots 3 1
uved 158 2 0 158
 uvvrs 87 85
 uveds 316 317
 polys 63 97
 slots 0 2
uved 159 2 0 159
 uvvrs 86 81
 uveds 318 319
 polys 63 65
 slots 2 0
uved 160 2 0 160
 uvvrs 81 87
 uveds 320 321
 polys 63 64
 slots 3 1
uved 161 2 0 161
 uvvrs 84 87
 uveds 322 323
 polys 64 98
 slots 0 2
uved 162 2 0 162
 uvvrs 86 75
 uveds 324 325
 polys 65 66
 slots 1 3
uved 163 2 0 163
 uvvrs 78 67
 uveds 326 327
 polys 68 69
 slots 1 3
uved 164 2 0 164
 uvvrs 70 59
 uveds 328 329
 polys 71 72
 slots 1 3
uved 165 2 0 165
 uvvrs 62 51
 uveds 330 331
 polys 74 75
 slots 1 3
uved 166 2 0 166
 uvvrs 54 40
 uveds 332 333
 polys 77 79
 slots 1 3
uved 167 2 0 167
 uvvrs 47 42
 uveds 334 335
 polys 78 83
 slots 2 0
uved 168 2 0 168
 uvvrs 42 88
 uveds 336 337
 polys 80 83
 slots 1 3
uved 169 2 0 169
 uvvrs 88 89
 uveds 338 339
 polys 80 84
 slots 2 0
uved 170 2 0 170
 uvvrs 89 43
 uveds 340 341
 polys 80 81
 slots 3 1
uved 171 2 0 171
 uvvrs 89 90
 uveds 342 343
 polys 81 85
 slots 2 0
uved 172 2 0 172
 uvvrs 90 45
 uveds 344 345
 polys 81 82
 slots 3 1
uved 173 2 0 173
 uvvrs 90 91
 uveds 346 347
 polys 82 86
 slots 2 0
uved 174 2 0 174
 uvvrs 91 47
 uveds 348 349
 polys 82 83
 slots 3 1
uved 175 2 0 175
 uvvrs 91 88
 uveds 350 351
 polys 83 87
 slots 2 0
uved 176 2 0 176
 uvvrs 88 92
 uveds 352 353
 polys 84 87
 slots 1 3
uved 177 2 0 177
 uvvrs 92 93
 uveds 354 355
 polys 84 88
 slots 2 0
uved 178 2 0 178
 uvvrs 93 89
 uveds 356 357
 polys 84 85
 slots 3 1
uved 179 2 0 179
 uvvrs 93 94
 uveds 358 359
 polys 85 89
 slots 2 0
uved 180 2 0 180
 uvvrs 94 90
 uveds 360 361
 polys 85 86
 slots 3 1
uved 181 2 0 181
 uvvrs 94 95
 uveds 362 363
 polys 86 90
 slots 2 0
uved 182 2 0 182
 uvvrs 95 91
 uveds 364 365
 polys 86 87
 slots 3 1
uved 183 2 0 183
 uvvrs 95 92
 uveds 366 367
 polys 87 91
 slots 2 0
uved 184 2 0 184
 uvvrs 92 96
 uveds 368 369
 polys 88 91
 slots 1 3
uved 185 2 0 185
 uvvrs 96 97
 uveds 370 371
 polys 88 92
 slots 2 0
uved 186 2 0 186
 uvvrs 97 93
 uveds 372 373
 polys 88 89
 slots 3 1
uved 187 2 0 187
 uvvrs 97 98
 uveds 374 375
 polys 89 93
 slots 2 0
uved 188 2 0 188
 uvvrs 98 94
 uveds 376 377
 polys 89 90
 slots 3 1
uved 189 2 0 189
 uvvrs 98 99
 uveds 378 379
 polys 90 94
 slots 2 0
uved 190 2 0 190
 uvvrs 99 95
 uveds 380 381
 polys 90 91
 slots 3 1
uved 191 2 0 191
 uvvrs 99 96
 uveds 382 383
 polys 91 95
 slots 2 0
uved 192 2 0 192
 uvvrs 96 35
 uveds 384 385
 polys 92 95
 slots 1 3
uved 193 2 0 193
 uvvrs 37 97
 uveds 386 387
 polys 92 93
 slots 3 1
uved 194 2 0 194
 uvvrs 39 98
 uveds 388 389
 polys 93 94
 slots 3 1
uved 195 2 0 195
 uvvrs 36 99
 uveds 390 391
 polys 94 95
 slots 3 1
uved 196 2 0 196
 uvvrs 100 101
 uveds 392 393
 polys 96 100
 slots 0 2
uved 197 2 0 197
 uvvrs 101 83
 uveds 394 395
 polys 96 99
 slots 1 3
uved 198 2 0 198
 uvvrs 85 100
 uveds 396 397
 polys 96 97
 slots 3 1
uved 199 2 0 199
 uvvrs 102 100
 uveds 398 399
 polys 97 101
 slots 0 2
uved 200 2 0 200
 uvvrs 87 102
 uveds 400 401
 polys 97 98
 slots 3 1
uved 201 2 0 201
 uvvrs 103 102
 uveds 402 403
 polys 98 102
 slots 0 2
uved 202 2 0 202
 uvvrs 84 103
 uveds 404 405
 polys 98 99
 slots 3 1
uved 203 2 0 203
 uvvrs 101 103
 uveds 406 407
 polys 99 103
 slots 0 2
uved 204 2 0 204
 uvvrs 104 105
 uveds 408 409
 polys 100 104
 slots 0 2
uved 205 2 0 205
 uvvrs 105 101
 uveds 410 411
 polys 100 103
 slots 1 3
uved 206 2 0 206
 uvvrs 100 104
 uveds 412 413
 polys 100 101
 slots 3 1
uved 207 2 0 207
 uvvrs 106 104
 uveds 414 415
 polys 101 105
 slots 0 2
uved 208 2 0 208
 uvvrs 102 106
 uveds 416 417
 polys 101 102
 slots 3 1
uved 209 2 0 209
 uvvrs 107 106
 uveds 418 419
 polys 102 106
 slots 0 2
uved 210 2 0 210
 uvvrs 103 107
 uveds 420 421
 polys 102 103
 slots 3 1
uved 211 2 0 211
 uvvrs 105 107
 uveds 422 423
 polys 103 107
 slots 0 2
uved 212 2 0 212
 uvvrs 108 109
 uveds 424 425
 polys 104 108
 slots 0 2
uved 213 2 0 213
 uvvrs 109 105
 uveds 426 427
 polys 104 107
 slots 1 3
uved 214 2 0 214
 uvvrs 104 108
 uveds 428 429
 polys 104 105
 slots 3 1
uved 215 2 0 215
 uvvrs 110 108
 uveds 430 431
 polys 105 109
 slots 0 2
uved 216 2 0 216
 uvvrs 106 110
 uveds 432 433
 polys 105 106
 slots 3 1
uved 217 2 0 217
 uvvrs 111 110
 uveds 434 435
 polys 106 110
 slots 0 2
uved 218 2 0 218
 uvvrs 107 111
 uveds 436 437
 polys 106 107
 slots 3 1
uved 219 2 0 219
 uvvrs 109 111
 uveds 438 439
 polys 107 111
 slots 0 2
uved 220 2 0 220
 uvvrs 112 113
 uveds 440 441
 polys 108 112
 slots 0 2
uved 221 2 0 221
 uvvrs 113 109
 uveds 442 443
 polys 108 111
 slots 1 3
uved 222 2 0 222
 uvvrs 108 112
 uveds 444 445
 polys 108 109
 slots 3 1
uved 223 2 0 223
 uvvrs 114 112
 uveds 446 447
 polys 109 113
 slots 0 2
uved 224 2 0 224
 uvvrs 110 114
 uveds 448 449
 polys 109 110
 slots 3 1
uved 225 2 0 225
 uvvrs 115 114
 uveds 450 451
 polys 110 114
 slots 0 2
uved 226 2 0 226
 uvvrs 111 115
 uveds 452 453
 polys 110 111
 slots 3 1
uved 227 2 0 227
 uvvrs 113 115
 uveds 454 455
 polys 111 118
 slots 0 2
uved 228 2 0 228
 uvvrs 116 117
 uveds 456 457
 polys 112 119
 slots 0 2
uved 229 2 0 229
 uvvrs 117 113
 uveds 458 459
 polys 112 118
 slots 1 3
uved 230 2 0 230
 uvvrs 112 116
 uveds 460 461
 polys 112 113
 slots 3 1
uved 231 2 0 231
 uvvrs 118 116
 uveds 462 463
 polys 113 117
 slots 0 2
uved 232 2 0 232
 uvvrs 114 118
 uveds 464 465
 polys 113 114
 slots 3 1
uved 233 2 0 233
 uvvrs 119 118
 uveds 466 467
 polys 114 115
 slots 0 2
uved 234 2 0 234
 uvvrs 115 119
 uveds 468 469
 polys 114 118
 slots 3 1
uved 235 2 0 235
 uvvrs 7 118
 uveds 470 471
 polys 115 117
 slots 1 3
uved 236 2 0 236
 uvvrs 119 2
 uveds 472 473
 polys 115 116
 slots 3 1
uved 237 2 0 237
 uvvrs 119 117
 uveds 474 475
 polys 116 118
 slots 2 0
uved 238 2 0 238
 uvvrs 117 3
 uveds 476 477
 polys 116 119
 slots 3 1
uved 239 2 0 239
 uvvrs 5 116
 uveds 478 479
 polys 117 119
 slots 1 3
poly 0 0 4 2 4
 trips 0 1
 quads 0 1 2 3
 edges 0 1 2 3
 verts 67 68 66 111
 texts 0 1 2 3
 uveds 0 1 2 3
poly 1 1 4 2 4
 trips 2 3
 quads 4 5 6 7
 edges 4 3 5 6
 verts 109 67 111 110
 texts 4 0 3 5
 uveds 4 3 5 6
poly 2 2 4 2 4
 trips 4 5
 quads 8 9 10 11
 edges 7 6 8 9
 verts 60 109 110 65
 texts 6 4 5 7
 uveds 7 6 8 9
poly 3 3 4 2 4
 trips 6 7
 quads 12 13 14 15
 edges 10 11 7 12
 verts 61 62 109 60
 texts 8 9 4 6
 uveds 10 11 7 12
poly 4 4 4 2 4
 trips 8 9
 quads 16 17 18 19
 edges 13 12 14 15
 verts 69 61 60 68
 texts 10 8 6 1
 uveds 13 12 14 15
poly 5 5 4 2 4
 trips 10 11
 quads 20 21 22 23
 edges 16 17 13 18
 verts 13 8 61 69
 texts 11 12 8 10
 uveds 16 17 13 18
poly 6 6 4 2 4
 trips 12 13
 quads 24 25 26 27
 edges 19 18 20 21
 verts 70 13 69 71
 texts 13 11 10 14
 uveds 19 18 20 21
poly 7 7 4 2 4
 trips 14 15
 quads 28 29 30 31
 edges 22 21 23 24
 verts 63 70 71 62
 texts 15 13 14 9
 uveds 22 21 23 24
poly 8 8 4 2 4
 trips 16 17
 quads 32 33 34 35
 edges 25 26 22 27
 verts 64 72 70 63
 texts 16 17 13 15
 uveds 25 26 22 27
poly 9 9 4 2 4
 trips 18 19
 quads 36 37 38 39
 edges 28 27 29 30
 verts 9 64 63 8
 texts 18 16 15 12
 uveds 28 27 29 30
poly 10 10 4 2 4
 trips 20 21
 quads 40 41 42 43
 edges 31 32 28 33
 verts 10 11 64 9
 texts 19 20 16 18
 uveds 31 32 28 33
poly 11 11 4 2 4
 trips 22 23
 quads 44 45 46 47
 edges 34 33 35 36
 verts 14 10 9 15
 texts 21 19 18 22
 uveds 34 33 35 36
poly 12 12 4 2 4
 trips 24 25
 quads 48 49 50 51
 edges 37 36 38 39
 verts 16 14 15 72
 texts 23 21 22 17
 uveds 37 36 38 39
poly 13 13 4 2 4
 trips 26 27
 quads 52 53 54 55
 edges 40 41 37 42
 verts 17 18 14 16
 texts 24 25 21 23
 uveds 40 41 37 42
poly 14 14 4 2 4
 trips 28 29
 quads 56 57 58 59
 edges 43 42 44 45
 verts 12 17 16 11
 texts 26 24 23 20
 uveds 43 42 44 45
poly 15 15 4 2 4
 trips 30 31
 quads 60 61 62 63
 edges 46 47 43 48
 verts 20 19 17 12
 texts 27 28 24 26
 uveds 46 47 43 48
poly 16 16 4 2 4
 trips 32 33
 quads 64 65 66 67
 edges 49 48 50 51
 verts 2 20 12 0
 texts 29 27 26 30
 uveds 49 48 50 51
poly 17 17 4 2 4
 trips 34 35
 quads 68 69 70 71
 edges 52 51 53 54
 verts 1 2 0 18
 texts 31 29 30 25
 uveds 52 51 53 54
poly 18 18 4 2 4
 trips 36 37
 quads 72 73 74 75
 edges 55 56 52 57
 verts 22 3 2 1
 texts 32 33 29 31
 uveds 55 56 52 57
poly 19 19 4 2 4
 trips 38 39
 quads 76 77 78 79
 edges 58 57 59 60
 verts 23 22 1 19
 texts 34 32 31 28
 uveds 58 57 59 60
poly 20 20 4 2 4
 trips 40 41
 quads 80 81 82 83
 edges 61 62 58 63
 verts 24 25 22 23
 texts 35 36 32 34
 uveds 61 62 58 63
poly 21 21 4 2 4
 trips 42 43
 quads 84 85 86 87
 edges 64 63 65 66
 verts 26 24 23 21
 texts 37 35 34 38
 uveds 64 63 65 66
poly 22 22 4 2 4
 trips 44 45
 quads 88 89 90 91
 edges 67 66 68 69
 verts 27 26 21 3
 texts 39 37 38 33
 uveds 67 66 68 69
poly 23 23 4 2 4
 trips 46 47
 quads 92 93 94 95
 edges 70 69 55 62
 verts 25 27 3 22
 texts 36 39 33 32
 uveds 70 69 55 62
poly 24 24 4 2 4
 trips 48 49
 quads 96 97 98 99
 edges 68 71 49 56
 verts 3 21 20 2
 texts 33 38 27 29
 uveds 68 71 49 56
poly 25 25 4 2 4
 trips 50 51
 quads 100 101 102 103
 edges 65 60 46 71
 verts 21 23 19 20
 texts 38 34 28 27
 uveds 65 60 46 71
poly 26 26 4 2 4
 trips 52 53
 quads 104 105 106 107
 edges 59 54 40 47
 verts 19 1 18 17
 texts 28 31 25 24
 uveds 59 54 40 47
poly 27 27 4 2 4
 trips 54 55
 quads 108 109 110 111
 edges 53 72 34 41
 verts 18 0 10 14
 texts 25 30 19 21
 uveds 53 72 34 41
poly 28 28 4 2 4
 trips 56 57
 quads 112 113 114 115
 edges 50 45 31 72
 verts 0 12 11 10
 texts 30 26 20 19
 uveds 50 45 31 72
poly 29 29 4 2 4
 trips 58 59
 quads 116 117 118 119
 edges 44 39 25 32
 verts 11 16 72 64
 texts 20 23 17 16
 uveds 44 39 25 32
poly 30 30 4 2 4
 trips 60 61
 quads 120 121 122 123
 edges 38 73 19 26
 verts 72 15 13 70
 texts 17 22 11 13
 uveds 38 73 19 26
poly 31 31 4 2 4
 trips 62 63
 quads 124 125 126 127
 edges 35 30 16 73
 verts 15 9 8 13
 texts 22 18 12 11
 uveds 35 30 16 73
poly 32 32 4 2 4
 trips 64 65
 quads 128 129 130 131
 edges 29 24 10 17
 verts 8 63 62 61
 texts 12 15 9 8
 uveds 29 24 10 17
poly 33 33 4 2 4
 trips 66 67
 quads 132 133 134 135
 edges 23 74 4 11
 verts 62 71 67 109
 texts 9 14 0 4
 uveds 23 74 4 11
poly 34 34 4 2 4
 trips 68 69
 quads 136 137 138 139
 edges 20 15 0 74
 verts 71 69 68 67
 texts 14 10 1 0
 uveds 20 15 0 74
poly 35 35 4 2 4
 trips 70 71
 quads 140 141 142 143
 edges 14 9 75 1
 verts 68 60 65 66
 texts 1 6 7 2
 uveds 14 9 75 1
poly 36 36 4 2 4
 trips 72 73
 quads 144 145 146 147
 edges 76 77 78 79
 verts 112 89 90 93
 texts 40 41 42 43
 uveds 76 77 78 79
poly 37 37 4 2 4
 trips 74 75
 quads 148 149 150 151
 edges 80 79 81 82
 verts 102 112 93 94
 texts 44 40 43 45
 uveds 80 79 81 82
poly 38 38 4 2 4
 trips 76 77
 quads 152 153 154 155
 edges 83 82 84 85
 verts 91 102 94 92
 texts 46 44 45 47
 uveds 83 82 84 85
poly 39 39 4 2 4
 trips 78 79
 quads 156 157 158 159
 edges 86 87 83 88
 verts 96 103 102 91
 texts 48 49 44 46
 uveds 86 87 83 88
poly 40 40 4 2 4
 trips 80 81
 quads 160 161 162 163
 edges 89 88 90 91
 verts 113 96 91 89
 texts 50 48 46 41
 uveds 89 88 90 91
poly 41 41 4 2 4
 trips 82 83
 quads 164 165 166 167
 edges 92 93 89 94
 verts 97 98 96 113
 texts 51 52 48 50
 uveds 92 93 89 94
poly 42 42 4 2 4
 trips 84 85
 quads 168 169 170 171
 edges 95 94 96 97
 verts 115 97 113 114
 texts 53 51 50 54
 uveds 95 94 96 97
poly 43 43 4 2 4
 trips 86 87
 quads 172 173 174 175
 edges 98 97 99 100
 verts 105 115 114 103
 texts 55 53 54 49
 uveds 98 97 99 100
poly 44 44 4 2 4
 trips 88 89
 quads 176 177 178 179
 edges 101 102 98 103
 verts 106 107 115 105
 texts 56 57 53 55
 uveds 101 102 98 103
poly 45 45 4 2 4
 trips 90 91
 quads 180 181 182 183
 edges 104 103 105 106
 verts 99 106 105 98
 texts 58 56 55 52
 uveds 104 103 105 106
poly 46 46 4 2 4
 trips 92 93
 quads 184 185 186 187
 edges 107 108 104 109
 verts 54 59 106 99
 texts 59 60 56 58
 uveds 107 108 104 109
poly 47 47 4 2 4
 trips 94 95
 quads 188 189 190 191
 edges 110 109 111 112
 verts 100 54 99 101
 texts 61 59 58 62
 uveds 110 109 111 112
poly 48 48 4 2 4
 trips 96 97
 quads 192 193 194 195
 edges 113 112 114 115
 verts 108 100 101 107
 texts 63 61 62 57
 uveds 113 112 114 115
poly 49 49 4 2 4
 trips 98 99
 quads 196 197 198 199
 edges 116 117 113 118
 verts 104 95 100 108
 texts 64 65 61 63
 uveds 116 117 113 118
poly 50 50 4 2 4
 trips 100 101
 quads 200 201 202 203
 edges 119 118 120 121
 verts 55 104 108 59
 texts 66 64 63 60
 uveds 119 118 120 121
poly 51 51 4 2 4
 trips 102 103
 quads 204 205 206 207
 edges 122 123 119 124
 verts 56 57 104 55
 texts 67 68 64 66
 uveds 122 123 119 124
poly 52 52 4 2 4
 trips 104 105
 quads 208 209 210 211
 edges 125 124 126 127
 verts 48 56 55 49
 texts 69 67 66 70
 uveds 125 124 126 127
poly 53 53 4 2 4
 trips 106 107
 quads 212 213 214 215
 edges 128 127 129 130
 verts 50 48 49 95
 texts 71 69 70 65
 uveds 128 127 129 130
poly 54 54 4 2 4
 trips 108 109
 quads 216 217 218 219
 edges 131 132 128 133
 verts 51 52 48 50
 texts 72 73 69 71
 uveds 131 132 128 133
poly 55 55 4 2 4
 trips 110 111
 quads 220 221 222 223
 edges 134 133 135 136
 verts 58 51 50 57
 texts 74 72 71 68
 uveds 134 133 135 136
poly 56 56 4 2 4
 trips 112 113
 quads 224 225 226 227
 edges 137 138 134 139
 verts 46 53 51 58
 texts 75 76 72 74
 uveds 137 138 134 139
poly 57 57 4 2 4
 trips 114 115
 quads 228 229 230 231
 edges 140 139 141 142
 verts 5 46 58 7
 texts 77 75 74 78
 uveds 140 139 141 142
poly 58 58 4 2 4
 trips 116 117
 quads 232 233 234 235
 edges 143 142 144 145
 verts 6 5 7 52
 texts 79 77 78 73
 uveds 143 142 144 145
poly 59 59 4 2 4
 trips 118 119
 quads 236 237 238 239
 edges 146 147 143 148
 verts 42 4 5 6
 texts 80 81 77 79
 uveds 146 147 143 148
poly 60 60 4 2 4
 trips 120 121
 quads 240 241 242 243
 edges 149 148 150 151
 verts 43 42 6 53
 texts 82 80 79 76
 uveds 149 148 150 151
poly 61 61 4 2 4
 trips 122 123
 quads 244 245 246 247
 edges 152 153 149 154
 verts 44 45 42 43
 texts 83 84 80 82
 uveds 152 153 149 154
poly 62 62 4 2 4
 trips 124 125
 quads 248 249 250 251
 edges 155 154 156 157
 verts 40 44 43 47
 texts 85 83 82 86
 uveds 155 154 156 157
poly 63 63 4 2 4
 trips 126 127
 quads 252 253 254 255
 edges 158 157 159 160
 verts 41 40 47 4
 texts 87 85 86 81
 uveds 158 157 159 160
poly 64 64 4 2 4
 trips 128 129
 quads 256 257 258 259
 edges 161 160 146 153
 verts 45 41 4 42
 texts 84 87 81 80
 uveds 161 160 146 153
poly 65 65 4 2 4
 trips 130 131
 quads 260 261 262 263
 edges 159 162 140 147
 verts 4 47 46 5
 texts 81 86 75 77
 uveds 159 162 140 147
poly 66 66 4 2 4
 trips 132 133
 quads 264 265 266 267
 edges 156 151 137 162
 verts 47 43 53 46
 texts 86 82 76 75
 uveds 156 151 137 162
poly 67 67 4 2 4
 trips 134 135
 quads 268 269 270 271
 edges 150 145 131 138
 verts 53 6 52 51
 texts 76 79 73 72
 uveds 150 145 131 138
poly 68 68 4 2 4
 trips 136 137
 quads 272 273 274 275
 edges 144 163 125 132
 verts 52 7 56 48
 texts 73 78 67 69
 uveds 144 163 125 132
poly 69 69 4 2 4
 trips 138 139
 quads 276 277 278 279
 edges 141 136 122 163
 verts 7 58 57 56
 texts 78 74 68 67
 uveds 141 136 122 163
poly 70 70 4 2 4
 trips 140 141
 quads 280 281 282 283
 edges 135 130 116 123
 verts 57 50 95 104
 texts 68 71 65 64
 uveds 135 130 116 123
poly 71 71 4 2 4
 trips 142 143
 quads 284 285 286 287
 edges 129 164 110 117
 verts 95 49 54 100
 texts 65 70 59 61
 uveds 129 164 110 117
poly 72 72 4 2 4
 trips 144 145
 quads 288 289 290 291
 edges 126 121 107 164
 verts 49 55 59 54
 texts 70 66 60 59
 uveds 126 121 107 164
poly 73 73 4 2 4
 trips 146 147
 quads 292 293 294 295
 edges 120 115 101 108
 verts 59 108 107 106
 texts 60 63 57 56
 uveds 120 115 101 108
poly 74 74 4 2 4
 trips 148 149
 quads 296 297 298 299
 edges 114 165 95 102
 verts 107 101 97 115
 texts 57 62 51 53
 uveds 114 165 95 102
poly 75 75 4 2 4
 trips 150 151
 quads 300 301 302 303
 edges 111 106 92 165
 verts 101 99 98 97
 texts 62 58 52 51
 uveds 111 106 92 165
poly 76 76 4 2 4
 trips 152 153
 quads 304 305 306 307
 edges 105 100 86 93
 verts 98 105 103 96
 texts 52 55 49 48
 uveds 105 100 86 93
poly 77 77 4 2 4
 trips 154 155
 quads 308 309 310 311
 edges 99 166 80 87
 verts 103 114 112 102
 texts 49 54 40 44
 uveds 99 166 80 87
poly 78 78 4 2 4
 trips 156 157
 quads 312 313 314 315
 edges 90 85 167 77
 verts 89 91 92 90
 texts 41 46 47 42
 uveds 90 85 167 77
poly 79 79 4 2 4
 trips 158 159
 quads 316 317 318 319
 edges 96 91 76 166
 verts 114 113 89 112
 texts 54 50 41 40
 uveds 96 91 76 166
poly 80 80 4 2 4
 trips 160 161
 quads 320 321 322 323
 edges 78 168 169 170
 verts 93 90 86 87
 texts 43 42 88 89
 uveds 78 168 169 170
poly 81 81 4 2 4
 trips 162 163
 quads 324 325 326 327
 edges 81 170 171 172
 verts 94 93 87 88
 texts 45 43 89 90
 uveds 81 170 171 172
poly 82 82 4 2 4
 trips 164 165
 quads 328 329 330 331
 edges 84 172 173 174
 verts 92 94 88 37
 texts 47 45 90 91
 uveds 84 172 173 174
poly 83 83 4 2 4
 trips 166 167
 quads 332 333 334 335
 edges 167 174 175 168
 verts 90 92 37 86
 texts 42 47 91 88
 uveds 167 174 175 168
poly 84 84 4 2 4
 trips 168 169
 quads 336 337 338 339
 edges 169 176 177 178
 verts 87 86 80 82
 texts 89 88 92 93
 uveds 169 176 177 178
poly 85 85 4 2 4
 trips 170 171
 quads 340 341 342 343
 edges 171 178 179 180
 verts 88 87 82 39
 texts 90 89 93 94
 uveds 171 178 179 180
poly 86 86 4 2 4
 trips 172 173
 quads 344 345 346 347
 edges 173 180 181 182
 verts 37 88 39 38
 texts 91 90 94 95
 uveds 173 180 181 182
poly 87 87 4 2 4
 trips 174 175
 quads 348 349 350 351
 edges 175 182 183 176
 verts 86 37 38 80
 texts 88 91 95 92
 uveds 175 182 183 176
poly 88 88 4 2 4
 trips 176 177
 quads 352 353 354 355
 edges 177 184 185 186
 verts 82 80 81 32
 texts 93 92 96 97
 uveds 177 184 185 186
poly 89 89 4 2 4
 trips 178 179
 quads 356 357 358 359
 edges 179 186 187 188
 verts 39 82 32 33
 texts 94 93 97 98
 uveds 179 186 187 188
poly 90 90 4 2 4
 trips 180 181
 quads 360 361 362 363
 edges 181 188 189 190
 verts 38 39 33 31
 texts 95 94 98 99
 uveds 181 188 189 190
poly 91 91 4 2 4
 trips 182 183
 quads 364 365 366 367
 edges 183 190 191 184
 verts 80 38 31 81
 texts 92 95 99 96
 uveds 183 190 191 184
poly 92 92 4 2 4
 trips 184 185
 quads 368 369 370 371
 edges 185 192 64 193
 verts 32 81 24 26
 texts 97 96 35 37
 uveds 185 192 64 193
poly 93 93 4 2 4
 trips 186 187
 quads 372 373 374 375
 edges 187 193 67 194
 verts 33 32 26 27
 texts 98 97 37 39
 uveds 187 193 67 194
poly 94 94 4 2 4
 trips 188 189
 quads 376 377 378 379
 edges 189 194 70 195
 verts 31 33 27 25
 texts 99 98 39 36
 uveds 189 194 70 195
poly 95 95 4 2 4
 trips 190 191
 quads 380 381 382 383
 edges 191 195 61 192
 verts 81 31 25 24
 texts 96 99 36 35
 uveds 191 195 61 192
poly 96 96 4 2 4
 trips 192 193
 quads 384 385 386 387
 edges 196 197 155 198
 verts 34 84 44 40
 texts 100 101 83 85
 uveds 196 197 155 198
poly 97 97 4 2 4
 trips 194 195
 quads 388 389 390 391
 edges 199 198 158 200
 verts 35 34 40 41
 texts 102 100 85 87
 uveds 199 198 158 200
poly 98 98 4 2 4
 trips 196 197
 quads 392 393 394 395
 edges 201 200 161 202
 verts 36 35 41 45
 texts 103 102 87 84
 uveds 201 200 161 202
poly 99 99 4 2 4
 trips 198 199
 quads 396 397 398 399
 edges 203 202 152 197
 verts 84 36 45 44
 texts 101 103 84 83
 uveds 203 202 152 197
poly 100 100 4 2 4
 trips 200 201
 quads 400 401 402 403
 edges 204 205 196 206
 verts 83 85 84 34
 texts 104 105 101 100
 uveds 204 205 196 206
poly 101 101 4 2 4
 trips 202 203
 quads 404 405 406 407
 edges 207 206 199 208
 verts 28 83 34 35
 texts 106 104 100 102
 uveds 207 206 199 208
poly 102 102 4 2 4
 trips 204 205
 quads 408 409 410 411
 edges 209 208 201 210
 verts 29 28 35 36
 texts 107 106 102 103
 uveds 209 208 201 210
poly 103 103 4 2 4
 trips 206 207
 quads 412 413 414 415
 edges 211 210 203 205
 verts 85 29 36 84
 texts 105 107 103 101
 uveds 211 210 203 205
poly 104 104 4 2 4
 trips 208 209
 quads 416 417 418 419
 edges 212 213 204 214
 verts 77 79 85 83
 texts 108 109 105 104
 uveds 212 213 204 214
poly 105 105 4 2 4
 trips 210 211
 quads 420 421 422 423
 edges 215 214 207 216
 verts 78 77 83 28
 texts 110 108 104 106
 uveds 215 214 207 216
poly 106 106 4 2 4
 trips 212 213
 quads 424 425 426 427
 edges 217 216 209 218
 verts 30 78 28 29
 texts 111 110 106 107
 uveds 217 216 209 218
poly 107 107 4 2 4
 trips 214 215
 quads 428 429 430 431
 edges 219 218 211 213
 verts 79 30 29 85
 texts 109 111 107 105
 uveds 219 218 211 213
poly 108 108 4 2 4
 trips 216 217
 quads 432 433 434 435
 edges 220 221 212 222
 verts 73 75 79 77
 texts 112 113 109 108
 uveds 220 221 212 222
poly 109 109 4 2 4
 trips 218 219
 quads 436 437 438 439
 edges 223 222 215 224
 verts 74 73 77 78
 texts 114 112 108 110
 uveds 223 222 215 224
poly 110 110 4 2 4
 trips 220 221
 quads 440 441 442 443
 edges 225 224 217 226
 verts 76 74 78 30
 texts 115 114 110 111
 uveds 225 224 217 226
poly 111 111 4 2 4
 trips 222 223
 quads 444 445 446 447
 edges 227 226 219 221
 verts 75 76 30 79
 texts 113 115 111 109
 uveds 227 226 219 221
poly 112 112 4 2 4
 trips 224 225
 quads 448 449 450 451
 edges 228 229 220 230
 verts 119 117 75 73
 texts 116 117 113 112
 uveds 228 229 220 230
poly 113 113 4 2 4
 trips 226 227
 quads 452 453 454 455
 edges 231 230 223 232
 verts 116 119 73 74
 texts 118 116 112 114
 uveds 231 230 223 232
poly 114 114 4 2 4
 trips 228 229
 quads 456 457 458 459
 edges 233 232 225 234
 verts 118 116 74 76
 texts 119 118 114 115
 uveds 233 232 225 234
poly 115 115 4 2 4
 trips 230 231
 quads 460 461 462 463
 edges 75 235 233 236
 verts 66 65 116 118
 texts 2 7 118 119
 uveds 75 235 233 236
poly 116 116 4 2 4
 trips 232 233
 quads 464 465 466 467
 edges 2 236 237 238
 verts 111 66 118 117
 texts 3 2 119 117
 uveds 2 236 237 238
poly 117 117 4 2 4
 trips 234 235
 quads 468 469 470 471
 edges 8 239 231 235
 verts 65 110 119 116
 texts 7 5 116 118
 uveds 8 239 231 235
poly 118 118 4 2 4
 trips 236 237
 quads 472 473 474 475
 edges 237 234 227 229
 verts 117 118 76 75
 texts 117 119 115 113
 uveds 237 234 227 229
poly 119 119 4 2 4
 trips 238 239
 quads 476 477 478 479
 edges 5 238 228 239
 verts 110 111 117 119
 texts 5 3 117 116
 uveds 5 238 228 239

