Deformer
Deformer 0
1062808600
0 29 14 1 14 1
1063146328
1063144528
1063145608
1063146688
1063147048
1063644296
1063639616
1063646096
1063643936
1063641776
1063646816
1063647176
1063642136
1063645376
1063642496
1063643216
1063645736
1063646456
1063639976
1063644656
1063640336
1063643576
1063645016
1063642856
1063640696
1063641056
1063641416
1063713040
1063711240
1062775720
1062775272
1062774888
1062775400
1062773928
1062775208
1062775016
1062774184
1062775080
1062775464
1062775784
1062774312
1062775144
1062774376
1062730984
1062738152
1062738832
1062738968
1062735296
1062737608
1062736248
1062735976
1062741280
1062740328
1062740192
1062736928
1062738016
1062738424
1062739104
1062682784
0
