ikChains
1
ikChain 0
1064571496
1063751168
8
813991720
813990904
813991040
813991176
1064567760
1064568576
1064568712
1064569936
11.572219
0.043050 -0.187764 0.000000
-0.988776 -0.149404 0.000000
-1.004749 2.242385 -0.002910
-2.267617 2.051959 -0.058030
0.000000 0.000000 -1.000000
-0.190160 0.265711 0.000000
-0.796570 -0.604546 0.000000
-2.267617 2.051959 -0.058030
-3.438296 1.163227 -0.118336
0.000000 0.000000 1.000000
-0.631542 0.930353 0.000000
-0.643585 -0.765375 0.000000
-3.438296 1.163227 -0.118336
-4.349252 0.079293 -0.170336
0.000000 0.000000 1.000000
-0.796321 1.273649 0.000000
-0.828584 -0.559865 0.000000
-4.349252 0.079293 -0.170336
-5.427391 -0.649351 -0.224713
0.000000 0.000000 1.000000
-0.855057 1.430525 0.000000
-0.914833 -0.403831 0.000000
-5.427391 -0.649351 -0.224713
-6.760579 -1.237768 -0.287912
0.000000 0.000000 1.000000
-0.816271 1.274633 0.000000
-0.982583 -0.185822 0.000000
-6.760579 -1.237768 -0.287912
-8.146013 -1.499386 -0.349063
0.000000 0.000000 -1.000000
-0.742143 0.691923 0.000000
-0.998861 0.047712 0.000000
-8.146013 -1.499386 -0.349063
-9.836536 -1.417841 -0.418497
-0.000000 0.000000 -1.000000
-0.745526 -0.231271 0.000000
-0.952907 0.303263 0.000000
-9.836536 -1.417841 -0.418497
-11.302591 -0.950283 -0.473581
-0.000000 0.000000 -1.000000
1064575480
1064594448
-0.001109 0.003575 -0.999993 0.296281 -0.955093 -0.003743 -0.955100 -0.296283 0.000000
0.040548 0.016494 -0.999041 0.296281 -0.955093 -0.003743 -0.954239 -0.295846 -0.043614
0.000000 10.791645
-0.955100 -0.296284 0.000000

