Subcharacters
2
Subcharacter 0
851821936
0
952586600
4
-1
10 5 2 0
1104004128
1104005208
1104004488
1104007728
1104004848
1104002328
1104001608
1104008088
1104001968
1104005568
1104225280
1104223648
1104221608
1104223376
1104223784
851993728
851993760
Subcharacter 1
851823376
0
952586600
9
-1
12 6 2 0
1104006288
1104238360
1104241240
1104238000
1104241600
1104241960
1104243040
1104243400
1104242680
1104240160
1104240520
1104240880
1104221880
1104221744
1104225144
1104223920
1104224056
1104224328
851995104
811789616

