Deformer
Deformer 0
957542080
0 57 43 2 24 8 4 0
1029173856
1029174264
1029174672
1029175080
1029175488
1029176304
1029176712
1029177120
1029178384
1029180424
1029179200
1029180832
1029180016
1029179608
1029177568
1029183304
1029184528
1029188608
1029187384
1029184936
1029182080
1029185752
1029186568
1029186160
1029184120
1029189016
1029188200
1029183712
1029189424
1029182896
1029182488
1029185344
1029181672
1029186976
1029202360
1029201952
1029206032
1029201136
1029199096
1029200320
1029204808
1029201544
1029199504
1029203176
1029205216
1029203584
1029199912
1029206848
1029206440
1029177976
1029187792
1029175896
1029178792
1029202768
1029205624
1029203992
1029204400
956533336
956483648
956483712
855445960
855446024
855446088
855446152
855446216
1029125800
1029125352
1029125544
1029126184
1029125928
1029125416
1029124904
1029125096
1029125864
1029124392
1029125288
1029125672
1029125992
1029124712
1029124456
1029124584
1029124776
1029126056
1029124264
1029125736
1029126120
1029124520
1029124840
1029125480
1029124968
1029125032
1029125160
1029125224
1029136704
1029137152
1029137344
1029137984
1029137856
1029137024
1029136960
956560616
957215768
816942664
816942800
816942936
816939128
1029155448
1029156672
1029157352
1029157080
1029155584
1029158984
1029156128
1029157896
1029158168
1029155720
1029158848
1029156264
1029155176
1029156944
1029156400
1029156536
1029156808
1029157216
1029157488
1029158576
957498936
957499352
957499096
957498392
957498968
957499288
957499032
957499224
956559704
956559416
956560280
956559992
3
0.000000 0.000000 0.000000
1.000000 0.000000 0.000000 0.000000 1.000000 0.000000 0.000000 0.000000 1.000000
0.000000 0.000000 0.000000
