Deformer
Deformer 0
957712688
0 57 43 2 24 6 4 0
1029899144
1029899552
1029899960
1029900368
1029900776
1029901592
1029902000
1029902408
1029906120
1029903264
1029903672
1029904080
1029904488
1029904896
1029905304
1029914920
1029911656
1029910432
1029909208
1029910024
1029911248
1029913288
1029912064
1029909616
1029910840
1029912472
1029907984
1029912880
1029913696
1029914104
1029914512
1029915328
1029915736
1029908392
1029928056
1029926016
1029932136
1029924384
1029926424
1029931320
1029924792
1029930912
1029928464
1029925200
1029929280
1029925608
1029926832
1029929688
1029930096
1029905712
1029908800
1029901184
1029902856
1029928872
1029927240
1029927648
1029931728
957709304
957709368
957709432
957733368
957733432
855895680
855895744
1029850192
1029850768
1029851024
1029849872
1029851408
1029850896
1029851472
1029850128
1029849552
1029850000
1029851088
1029850832
1029850448
1029849744
1029850512
1029850576
1029850640
1029849808
1029850960
1029849616
1029850064
1029850256
1029850704
1029851152
1029851216
1029851280
1029851344
1029862440
1029863336
1029863080
1029862632
1029863528
1029862312
1029862824
1029862952
1029862888
957745408
958399536
815762608
815760840
815762880
815763152
1029885224
1029886312
1029885632
1029885088
1029885360
1029884952
1029886448
1029884680
1029886584
1029888216
1029887536
1029884816
1029885496
1029885768
1029887808
1029886176
1029886720
1029885904
1029887672
1029886040
958683040
958682944
958682976
958682912
958683168
958683328
957744312
957744024
957744888
957744600
1
0.000000 0.000000 0.000000
1.000000 0.000000 0.000000 0.000000 1.000000 0.000000 0.000000 0.000000 1.000000
0.000000 0.000000 0.000000
