ikChains
1
ikChain 0
1063732800
1062843072
7
812483984
812483712
812484256
812484800
1063632480
1063632072
1063632208
10.032427
0.083092 -0.298530 0.000000
0.000000 0.000000 0.000000
0.000000 0.000000 0.000000
0.000000 0.000000 0.000000
0.000000 0.000000 -1.000000
-0.104040 0.027481 0.000000
0.000000 0.000000 0.000000
0.000000 0.000000 0.000000
0.000000 0.000000 0.000000
0.000000 0.000000 1.000000
-0.501041 0.569355 0.000000
0.000000 0.000000 0.000000
0.000000 0.000000 0.000000
0.000000 0.000000 0.000000
0.000000 0.000000 1.000000
-0.625024 0.799799 0.000000
0.000000 0.000000 0.000000
0.000000 0.000000 0.000000
0.000000 0.000000 0.000000
0.000000 0.000000 1.000000
-0.638070 0.830286 0.000000
0.000000 0.000000 0.000000
0.000000 0.000000 0.000000
0.000000 0.000000 0.000000
0.000000 0.000000 1.000000
-0.555079 0.552112 0.000000
0.000000 0.000000 0.000000
0.000000 0.000000 0.000000
0.000000 0.000000 0.000000
0.000000 0.000000 -1.000000
-0.427892 -0.177374 0.000000
0.000000 0.000000 0.000000
0.000000 0.000000 0.000000
0.000000 0.000000 0.000000
-0.000000 0.000000 -1.000000
1063658808
1063663848
0.000000 0.000000 0.000000 1988654720.000000 198140160.000000 -2803277024461630200000000000.000000 1.853485 11547117.000000 67519745429743840000000000000000000.000000
0.000000 0.000000 0.000000 0.000000 0.000000 0.000000 0.000000 0.000000 0.000000
0.000000 9.569228
-0.923776 -0.382932 0.000000

