ikChains
1
ikChain 0
1030811080
957016472
5
815959248
815959520
815959384
815959792
1056987776
5.561476
0.493282 0.128533 -0.072471
-0.302905 0.933187 -0.193421
-0.095775 -2.638164 0.628372
-0.290042 -1.455827 0.446447
0.083101 0.228046 0.970098
0.792089 0.183301 -0.110942
-0.221047 0.953433 -0.205193
-0.290042 -1.455827 0.446447
-0.379138 -0.376619 0.247678
0.083101 0.228046 0.970098
0.810142 0.184239 -0.112709
-0.073408 0.972221 -0.222257
-0.379138 -0.376619 0.247678
-0.310212 0.741158 -0.017970
0.083102 0.228046 0.970097
0.518348 0.212166 -0.094278
0.097673 0.966914 -0.235665
-0.310212 0.741158 -0.017970
-0.084083 1.703486 -0.308518
-0.083101 -0.228046 -0.970097
-0.021730 0.327788 -0.075194
0.231093 0.942519 -0.241359
-0.084083 1.703486 -0.308518
0.280295 2.648531 -0.646615
-0.083101 -0.228046 -0.970098
1027807408
1027807816
-0.083101 -0.228046 -0.970098 -0.994499 -0.043303 0.095371 -0.063757 0.972687 -0.223193
-0.340811 -0.197425 -0.919141 -0.937570 0.143121 0.316903 0.068995 0.969913 -0.233913
0.000000 5.224473
-0.064479 0.972655 -0.223124
1 1
0 854904744

