Selections
957745408
0 0 24
vertex
Vert 0
957709304
1029899552
4
90 1.000000
91 1.000000
94 1.000000
95 1.000000
Vert 1
957709368
1029900368
4
2 1.000000
3 1.000000
6 1.000000
7 1.000000
Vert 2
957709432
1029901592
13
8 1.000000
9 1.000000
10 1.000000
11 1.000000
12 1.000000
13 1.000000
14 1.000000
15 1.000000
18 1.000000
19 1.000000
21 1.000000
22 1.000000
23 1.000000
Vert 3
957733368
1029902408
10
16 1.000000
17 1.000000
20 1.000000
24 1.000000
25 1.000000
26 1.000000
27 1.000000
29 1.000000
30 1.000000
31 1.000000
Vert 4
957733432
1029903264
8
28 1.000000
33 1.000000
34 1.000000
35 1.000000
36 1.000000
37 1.000000
38 1.000000
39 1.000000
Vert 5
855895680
1029904080
9
32 1.000000
40 1.000000
41 1.000000
42 1.000000
43 1.000000
44 1.000000
45 1.000000
46 1.000000
47 1.000000
Vert 6
855895744
1029904896
4
0 1.000000
1 1.000000
4 1.000000
5 1.000000
Vert 7
1029850192
1029914920
13
48 1.000000
49 1.000000
50 1.000000
51 1.000000
52 1.000000
53 1.000000
54 1.000000
55 1.000000
58 1.000000
59 1.000000
60 1.000000
62 1.000000
63 1.000000
Vert 8
1029850768
1029910432
7
56 1.000000
57 1.000000
61 1.000000
66 1.000000
67 1.000000
70 1.000000
71 1.000000
Vert 9
1029851024
1029910024
8
64 1.000000
65 1.000000
68 1.000000
69 1.000000
74 1.000000
75 1.000000
78 1.000000
79 1.000000
Vert 10
1029849872
1029913288
12
72 1.000000
73 1.000000
76 1.000000
77 1.000000
80 1.000000
81 1.000000
82 1.000000
83 1.000000
84 1.000000
85 1.000000
86 1.000000
87 1.000000
Vert 11
1029851408
1029909616
6
88 1.000000
89 1.000000
92 1.000000
93 1.000000
98 1.000000
102 1.000000
Vert 12
1029850896
1029912472
8
96 1.000000
97 1.000000
99 1.000000
100 1.000000
101 1.000000
103 1.000000
107 1.000000
111 1.000000
Vert 13
1029851472
1029912880
1
110 1.000000
Vert 14
1029850128
1029914104
8
176 1.000000
178 1.000000
179 1.000000
180 1.000000
182 1.000000
183 1.000000
187 1.000000
191 1.000000
Vert 15
1029849552
1029915328
16
177 1.000000
181 1.000000
184 1.000000
185 1.000000
186 1.000000
188 1.000000
189 1.000000
190 1.000000
192 1.000000
193 1.000000
194 1.000000
195 1.000000
196 1.000000
197 1.000000
198 1.000000
199 1.000000
Vert 16
1029850000
1029908392
5
104 1.000000
105 1.000000
106 1.000000
114 1.000000
118 1.000000
Vert 17
1029851088
1029926016
9
112 1.000000
113 1.000000
115 1.000000
116 1.000000
117 1.000000
119 1.000000
122 1.000000
123 1.000000
126 1.000000
Vert 18
1029850832
1029924384
9
120 1.000000
121 1.000000
124 1.000000
125 1.000000
127 1.000000
130 1.000000
131 1.000000
134 1.000000
135 1.000000
Vert 19
1029850448
1029931320
12
128 1.000000
129 1.000000
132 1.000000
133 1.000000
136 1.000000
137 1.000000
138 1.000000
139 1.000000
140 1.000000
141 1.000000
142 1.000000
143 1.000000
Vert 20
1029849744
1029930912
5
108 1.000000
109 1.000000
146 1.000000
147 1.000000
150 1.000000
Vert 21
1029850512
1029925200
8
144 1.000000
145 1.000000
148 1.000000
149 1.000000
151 1.000000
154 1.000000
155 1.000000
158 1.000000
Vert 22
1029850576
1029925608
9
152 1.000000
153 1.000000
156 1.000000
157 1.000000
159 1.000000
162 1.000000
163 1.000000
166 1.000000
167 1.000000
Vert 23
1029850640
1029929688
12
160 1.000000
161 1.000000
164 1.000000
165 1.000000
168 1.000000
169 1.000000
170 1.000000
171 1.000000
172 1.000000
173 1.000000
174 1.000000
175 1.000000

