Selections
958067368
0 0 19
vertex
Vert 0
1029844024
1029896536
4
58 1.000000
59 1.000000
62 1.000000
63 1.000000
Vert 1
1029842808
1029897352
4
2 1.000000
3 1.000000
6 1.000000
7 1.000000
Vert 2
1029842552
1029898576
14
8 1.000000
9 1.000000
10 1.000000
11 1.000000
12 1.000000
13 1.000000
14 1.000000
15 1.000000
18 1.000000
19 1.000000
20 1.000000
21 1.000000
22 1.000000
23 1.000000
Vert 3
1029842872
1029899392
8
16 1.000000
17 1.000000
24 1.000000
26 1.000000
27 1.000000
28 1.000000
30 1.000000
31 1.000000
Vert 4
1029842936
1029902696
2
25 1.000000
29 1.000000
Vert 6
1029843128
1029903104
2
0 1.000000
4 1.000000
Vert 7
1029860512
1029903944
16
1 1.000000
5 1.000000
32 1.000000
33 1.000000
34 1.000000
35 1.000000
36 1.000000
37 1.000000
38 1.000000
39 1.000000
42 1.000000
43 1.000000
44 1.000000
45 1.000000
46 1.000000
47 1.000000
Vert 8
1029859872
1029907616
7
40 1.000000
41 1.000000
48 1.000000
50 1.000000
51 1.000000
54 1.000000
55 1.000000
Vert 9
1029858912
1029909656
2
49 1.000000
52 1.000000
Vert 10
1029860768
1029908024
1
53 1.000000
Vert 11
1029860000
1029910880
6
56 1.000000
57 1.000000
60 1.000000
61 1.000000
66 1.000000
70 1.000000
Vert 12
1029860704
1029908432
8
64 1.000000
65 1.000000
67 1.000000
68 1.000000
69 1.000000
71 1.000000
75 1.000000
79 1.000000
Vert 14
1029859168
1029905576
4
120 1.000000
121 1.000000
122 1.000000
123 1.000000
Vert 16
1029859936
1029905168
10
72 1.000000
73 1.000000
74 1.000000
80 1.000000
82 1.000000
83 1.000000
86 1.000000
87 1.000000
124 1.000000
125 1.000000
Vert 17
1029860064
1029927488
7
81 1.000000
84 1.000000
85 1.000000
90 1.000000
91 1.000000
94 1.000000
95 1.000000
Vert 18
1029859680
1029924632
8
88 1.000000
89 1.000000
92 1.000000
93 1.000000
96 1.000000
97 1.000000
98 1.000000
99 1.000000
Vert 20
1029858976
1029927896
7
76 1.000000
77 1.000000
78 1.000000
103 1.000000
107 1.000000
126 1.000000
127 1.000000
Vert 21
1029859744
1029922184
10
100 1.000000
101 1.000000
102 1.000000
104 1.000000
105 1.000000
106 1.000000
110 1.000000
111 1.000000
114 1.000000
115 1.000000
Vert 22
1029859040
1029923408
8
108 1.000000
109 1.000000
112 1.000000
113 1.000000
116 1.000000
117 1.000000
118 1.000000
119 1.000000

