Deformer
Deformer 0
952586600
0 41 18 1 18 5 2 2
1104008808
1104007008
1104006648
1104007368
1104001248
1104002688
1104003048
1104003408
1104003768
1104004128
1104005208
1104004488
1104007728
1104004848
1104002328
1104001608
1104008088
1104001968
1104005568
1104005928
1104006288
1104238360
1104241240
1104238000
1104241600
1104241960
1104239080
1104244480
1104242320
1104243760
1104244120
1104245200
1104243040
1104243400
1104242680
1104240160
1104240520
1104240880
1104245560
1104244840
1104239800
1103866232
1103865848
1103865528
1103865144
1103866168
1103864824
1103864888
1103864504
1103865720
1103865336
1103866296
1103865400
1103866104
1103864696
1103864632
1103864952
1103864440
1103864568
952022080
811763736
811763872
1104225008
1104222696
1104225280
1104223648
1104221608
1104223376
1104223784
1104221880
1104221744
1104225144
1104223512
1104225552
1104223240
1104223920
1104224056
1104224328
851993888
851993920
851994784
851995168
851994816
952598832
1061406808
851821936
851823376
1
0.000000 0.000000 0.000000
1.000000 0.000000 0.000000 0.000000 1.000000 0.000000 0.000000 0.000000 1.000000
0.000000 0.000000 0.000000
