Cps
128
957266264
-0.386225 0.352957 0.292728
4
0
1056652120
0
0
957267512
-0.360531 0.842620 0.036768
4
0
1056652912
0
1056652120
957265976
-0.412084 1.336931 -0.194041
4
0
1056652296
0
1056652912
957266360
-0.423703 1.710479 -0.354505
4
0
1056651592
1056652296
0
957267416
-0.363363 2.013883 -0.402096
4
0
1056653440
0
1056651592
957266936
-0.184066 2.261618 -0.363377
4
0
1056653000
0
1056653440
957266552
0.128979 2.454726 -0.242599
4
0
1056651064
1056653000
0
957267032
0.524342 2.563128 -0.070739
4
0
1056652824
0
1056651064
957267704
0.953601 2.577159 0.117446
4
0
1056653088
0
1056652824
957266456
1.384270 2.490438 0.291630
4
0
1056653088
0
1056653176
957266744
1.778547 2.289071 0.415307
4
0
1056652208
0
1056653176
957267608
2.074987 1.959558 0.436428
4
0
1056652032
1056652208
0
957267128
2.216602 1.529635 0.321691
4
0
1056653528
0
1056652032
957266840
0.652519 0.436688 1.451585
4
1056653528
1056661712
0
1056651416
957267224
2.042247 0.376980 -0.082375
4
1056651416
1056659864
1056659688
1056651768
957267320
1.844286 -0.387588 -0.228934
4
1056651768
0
0
1056650976
957266648
1.657727 -1.113122 -0.387736
4
1056650976
0
0
1056653352
957265784
1.476008 -1.719731 -0.577911
4
0
1056653616
0
1056653352
957265880
1.296698 -2.093762 -0.715496
4
0
1056653264
1056653616
0
957266072
1.110630 -2.345428 -0.715825
4
0
1056652472
0
1056653264
957266168
0.884195 -2.512502 -0.590003
4
0
1056653704
0
1056652472
1027951136
0.603048 -2.589983 -0.335395
4
0
1056651944
1056653704
0
1027951424
0.308081 -2.565303 -0.003759
4
0
1056652648
0
1056651944
1027952864
0.028288 -2.443145 0.352145
4
0
1056651680
0
1056652648
1027951904
-0.219849 -2.225891 0.690622
4
0
1056651680
0
1056651152
1027951040
-0.415180 -1.910201 0.961710
4
0
1056651856
0
1056651152
1027952000
-0.512239 -1.527272 1.092852
4
0
1056651856
0
1056652384
1027950848
-0.539726 -1.064358 1.037956
4
0
1056651240
0
1056652384
1027953536
-0.478165 -0.599115 0.812989
4
0
1056651328
0
1056651240
1027952288
-0.393866 -0.123910 0.538856
4
0
1056651504
0
1056651328
1027951232
3.017015 1.629490 0.259624
4
0
1056652560
0
0
1027951808
4.354736 -0.973198 1.008814
4
1056661712
1056652560
1056660744
1056652736
1027952096
2.829234 0.303933 -0.255006
4
1056659864
1056652736
1056660128
1056653880
1027951328
2.617257 -0.544745 -0.408650
4
0
1056653880
0
1056655816
1027952192
2.411045 -1.340537 -0.575573
4
0
1056655816
0
1056653968
1027950752
2.216282 -1.974600 -0.781664
4
0
1056654936
0
1056653968
1027952384
1.962800 -2.455558 -0.998161
4
0
1056654936
0
1056655728
1027953248
1.558238 -2.937669 -1.037387
4
0
1056655112
0
1056655728
1027953344
1.043332 -3.273052 -0.815273
4
0
1056654408
1056655112
0
1027951520
0.542633 -3.391316 -0.428788
4
0
1056656256
0
1056654408
1027953440
0.091476 -3.344604 0.013094
4
0
1056655904
0
1056656256
1027951616
-0.318141 -3.165092 0.467411
4
0
1056654056
1056655904
0
1027951712
-0.692274 -2.845251 0.909029
4
0
1056655640
0
1056654056
1027953632
-1.019148 -2.335697 1.291352
4
0
1056655992
0
1056655640
1027952480
-1.230056 -1.597417 1.473496
4
0
1056655992
0
1056656080
1027952576
-1.269786 -0.903512 1.347178
4
0
1056655024
0
1056656080
1027952672
-1.189235 -0.435978 1.044470
4
0
1056654848
0
1056655024
1027953728
-1.174522 0.035182 0.759756
4
0
1056656344
0
1056654848
1027952768
-1.159196 0.510113 0.472443
4
0
1056654232
0
1056656344
1027952960
-1.160061 0.873433 0.214866
4
0
1056654584
0
1056654232
1027950944
-1.208195 1.356073 -0.051501
4
0
1056653792
0
1056654584
1027953056
-1.216070 1.879583 -0.312880
4
0
1056653792
0
1056656168
1027953152
-1.088875 2.370580 -0.431844
4
0
1056656432
0
1056656168
1027954304
-0.692464 2.889416 -0.406817
4
0
1056656520
1056656432
0
1027954400
-0.156681 3.211532 -0.254369
4
0
1056655288
0
1056656520
1027954016
0.423041 3.365543 -0.051410
4
0
1056654144
0
1056655288
1027954496
1.022841 3.381855 0.163967
4
0
1056654760
1056654144
0
1027954208
1.639597 3.254526 0.365694
4
0
1056655464
0
1056654760
1027954592
2.261624 2.930969 0.510758
4
0
1056654496
0
1056655464
1027953824
2.785763 2.341240 0.496416
4
0
1056654496
0
1056654320
1027954112
4.244213 1.892753 -1.823569
4
1056660744
1056654672
1056659776
1056657488
1027954688
2.947066 1.855973 -0.278233
4
0
1056654672
0
1056655200
1027953920
2.785145 2.433661 -0.084045
4
0
1056655200
0
1056655376
1027955528
2.368355 2.936600 -0.067219
4
0
1056655376
1056655552
0
1027955144
1.819924 3.248502 -0.193700
4
0
1056655552
0
1056656608
1027956008
1.234197 3.395386 -0.384323
4
0
1056656608
0
1056658808
1027954952
0.633871 3.405346 -0.598625
4
0
1056658808
1056656872
0
1027957640
0.022351 3.270460 -0.811103
4
0
1056656872
0
1056656696
1027956392
-0.586535 2.935324 -0.983138
4
0
1056658632
0
1056656696
1027955240
-1.086760 2.325985 -1.017915
4
0
1056658632
0
1056657576
1027956104
-1.284587 1.682181 -0.862251
4
0
1056657576
0
1056657664
1027955432
-1.245371 1.174624 -0.605370
4
0
1056657664
0
1056657752
1027956680
-1.287257 0.708987 -0.314340
4
0
1056657752
0
1056657400
1027955336
-1.328934 0.239412 -0.020898
4
0
1056657400
0
1056656960
1027956872
-1.348977 -0.126612 0.242681
4
0
1056656960
0
1056657840
1027956200
-1.443285 -0.575404 0.552358
4
0
1056657840
0
1056657928
1027957448
-1.520758 -1.076434 0.844603
4
0
1056657928
0
1056658984
1027956488
-1.490077 -1.694318 0.966841
4
0
1056656784
0
1056658984
1027955624
-1.351229 -2.231205 0.817765
4
0
1056656784
1056657048
0
1027957736
-1.072660 -2.705187 0.483393
4
0
1056657048
0
1056658016
1027957352
-0.726911 -3.032974 0.066252
4
0
1056658016
0
1056657136
1027957832
-0.326505 -3.237047 -0.385905
4
0
1056657136
1056658896
0
1027954856
0.139493 -3.311926 -0.849086
4
0
1056658896
0
1056658280
1027956296
0.697137 -3.206193 -1.285541
4
0
1056659072
0
1056658280
1027956584
1.328131 -2.824411 -1.566251
4
0
1056659072
0
1056657224
1027955912
1.852054 -2.240802 -1.533969
4
0
1056657224
0
1056657312
1027956776
2.168253 -1.700282 -1.299276
4
0
1056657312
0
1056658368
1027957256
2.364028 -1.067911 -1.094172
4
0
1056659160
0
1056658368
1027955720
2.574321 -0.614334 -0.852545
4
0
1056659248
0
1056659160
1027957544
2.745630 0.594476 -0.759065
4
0
1056657488
1056660040
1056659248
1027955816
1.958652 0.667522 -0.586437
4
1056660040
1056658104
1056659688
1056661536
1027956968
0.410743 1.968313 -1.045536
4
1056659776
1056658192
1056661888
1056658104
1027955048
2.146653 1.756119 -0.216168
4
0
1056658192
1056658456
0
1027957064
2.074361 2.051970 -0.144034
4
0
1056658456
0
1056659336
1027957160
1.885279 2.294702 -0.162665
4
0
1056659336
0
1056658544
1027958216
1.564598 2.484415 -0.267764
4
0
1056658544
1056658720
0
1027958312
1.164958 2.590680 -0.430845
4
0
1056658720
0
1056659424
1027958408
0.735172 2.602941 -0.617952
4
0
1056660480
0
1056659424
1027957928
0.308011 2.513655 -0.799334
4
0
1056660480
0
1056660568
1027958024
-0.078139 2.307527 -0.939701
4
0
1056660568
0
1056661096
1027958504
-0.361259 1.969287 -0.988169
4
0
1056661096
1056661976
0
1027958792
-0.485458 1.526131 -0.909190
4
0
1056661976
0
1056662064
1027958600
-0.510265 1.065198 -0.705897
4
0
1056662064
0
1056662152
1027958696
-0.495121 0.565178 -0.465426
4
0
1056662152
0
1056660392
1027958120
-0.555963 0.082256 -0.200613
4
0
1056660392
0
1056661624
1027959056
-0.605423 -0.385748 0.057028
4
0
1056661624
0
1056660832
1027959440
-0.714431 -0.854316 0.339151
4
0
1056660832
0
1056660920
1027959632
-0.790698 -1.237280 0.535378
4
0
1056660920
1056661800
0
1027960304
-0.795829 -1.547251 0.578411
4
1056661008
0
0
1056661800
1027959152
-0.747261 -1.805708 0.488129
4
0
1056661008
0
1056661272
1027960592
-0.600234 -2.085827 0.264986
4
0
1056661272
1056660216
0
1027960784
-0.380487 -2.311037 -0.049013
4
0
1056660216
0
1056661184
1027958960
-0.109900 -2.457747 -0.402758
4
0
1056660304
0
1056661184
1027959920
0.199904 -2.510602 -0.755691
4
0
1056660304
0
1056661360
1027960496
0.538004 -2.445635 -1.060275
4
0
1056661360
0
1056659512
1027959824
0.880530 -2.232173 -1.244694
4
0
1056659512
1056661448
0
1027960976
1.185951 -1.879006 -1.251307
4
0
1056661448
0
1056659600
1027961552
1.427977 -1.445415 -1.095523
4
0
1056659600
0
1056660656
1027959248
1.610710 -0.840495 -0.906334
4
0
1056659952
0
1056660656
1027960400
1.782408 -0.106119 -0.741210
4
0
1056661536
0
1056659952
957266840
0.652519 0.436688 1.451585
4
1056653528
1056661712
0
1056651416
1027951808
4.354736 -0.973198 1.008814
4
1056661712
1056652560
1056660744
1056652736
1027954112
4.244213 1.892753 -1.823569
4
1056660744
1056654672
1056659776
1056657488
1027956968
0.410743 1.968313 -1.045536
4
1056659776
1056658192
1056661888
1056658104
1027957544
2.745630 0.594476 -0.759065
4
0
1056657488
1056660040
1056659248
1027955816
1.958652 0.667522 -0.586437
4
1056660040
1056658104
1056659688
1056661536
957267224
2.042247 0.376980 -0.082375
4
1056651416
1056659864
1056659688
1056651768
1027952096
2.829234 0.303933 -0.255006
4
1056659864
1056652736
1056660128
1056653880

