Curves
6
815979128
30
957266264
0.500000
957267512
0.700000
957265976
0.700000
957266360
0.700000
957267416
0.700000
957266936
0.700000
957266552
0.700000
957267032
0.700000
957267704
0.700000
957266456
0.700000
957266744
0.700000
957267608
0.700000
957267128
0.700000
957266840
0.700000
957267224
0.700000
957267320
0.700000
957266648
0.700000
957265784
0.700000
957265880
0.700000
957266072
0.700000
957266168
0.700000
1027951136
0.700000
1027951424
0.700000
1027952864
0.700000
1027951904
0.700000
1027951040
0.700000
1027952000
0.700000
1027950848
0.700000
1027953536
0.700000
1027952288
0.700000
30
1056652120
1056652912
1056652296
1056651592
1056653440
1056653000
1056651064
1056652824
1056653088
1056653176
1056652208
1056652032
1056653528
1056651416
1056651768
1056650976
1056653352
1056653616
1056653264
1056652472
1056653704
1056651944
1056652648
1056651680
1056651152
1056651856
1056652384
1056651240
1056651328
1056651504
0
1027971200
815978736
30
1027951232
0.500000
1027951808
0.700000
1027952096
0.700000
1027951328
0.700000
1027952192
0.700000
1027950752
0.700000
1027952384
0.700000
1027953248
0.700000
1027953344
0.700000
1027951520
0.700000
1027953440
0.700000
1027951616
0.700000
1027951712
0.700000
1027953632
0.700000
1027952480
0.700000
1027952576
0.700000
1027952672
0.700000
1027953728
0.700000
1027952768
0.700000
1027952960
0.700000
1027950944
0.700000
1027953056
0.700000
1027953152
0.700000
1027954304
0.700000
1027954400
0.700000
1027954016
0.700000
1027954496
0.700000
1027954208
0.700000
1027954592
0.700000
1027953824
0.700000
30
1056652560
1056652736
1056653880
1056655816
1056653968
1056654936
1056655728
1056655112
1056654408
1056656256
1056655904
1056654056
1056655640
1056655992
1056656080
1056655024
1056654848
1056656344
1056654232
1056654584
1056653792
1056656168
1056656432
1056656520
1056655288
1056654144
1056654760
1056655464
1056654496
1056654320
0
1027971200
815978792
30
1027954112
0.500000
1027954688
0.700000
1027953920
0.700000
1027955528
0.700000
1027955144
0.700000
1027956008
0.700000
1027954952
0.700000
1027957640
0.700000
1027956392
0.700000
1027955240
0.700000
1027956104
0.700000
1027955432
0.700000
1027956680
0.700000
1027955336
0.700000
1027956872
0.700000
1027956200
0.700000
1027957448
0.700000
1027956488
0.700000
1027955624
0.700000
1027957736
0.700000
1027957352
0.700000
1027957832
0.700000
1027954856
0.700000
1027956296
0.700000
1027956584
0.700000
1027955912
0.700000
1027956776
0.700000
1027957256
0.700000
1027955720
0.700000
1027957544
0.700000
30
1056654672
1056655200
1056655376
1056655552
1056656608
1056658808
1056656872
1056656696
1056658632
1056657576
1056657664
1056657752
1056657400
1056656960
1056657840
1056657928
1056658984
1056656784
1056657048
1056658016
1056657136
1056658896
1056658280
1056659072
1056657224
1056657312
1056658368
1056659160
1056659248
1056657488
0
1027971200
815978904
30
1027955816
0.500000
1027956968
0.700000
1027955048
0.700000
1027957064
0.700000
1027957160
0.700000
1027958216
0.700000
1027958312
0.700000
1027958408
0.700000
1027957928
0.700000
1027958024
0.700000
1027958504
0.700000
1027958792
0.700000
1027958600
0.700000
1027958696
0.700000
1027958120
0.700000
1027959056
0.700000
1027959440
0.700000
1027959632
0.700000
1027960304
0.700000
1027959152
0.700000
1027960592
0.700000
1027960784
0.700000
1027958960
0.700000
1027959920
0.700000
1027960496
0.700000
1027959824
0.700000
1027960976
0.700000
1027961552
0.700000
1027959248
0.700000
1027960400
0.700000
30
1056658104
1056658192
1056658456
1056659336
1056658544
1056658720
1056659424
1056660480
1056660568
1056661096
1056661976
1056662064
1056662152
1056660392
1056661624
1056660832
1056660920
1056661800
1056661008
1056661272
1056660216
1056661184
1056660304
1056661360
1056659512
1056661448
1056659600
1056660656
1056659952
1056661536
0
1027971200
815978512
4
957266840
0.500000
1027951808
0.700000
1027954112
0.700000
1027956968
0.700000
4
1056661712
1056660744
1056659776
1056661888
0
1027971200
815978624
4
1027957544
0.500000
1027955816
0.700000
957267224
0.700000
1027952096
0.700000
4
1056660040
1056659688
1056659864
1056660128
0
1027971200

