Segments
128
1056652120
-1
0
815979128
1056664968 1056662504
-0.386225 0.352957 0.292728
-0.368990 0.572607 0.175686
-0.360531 0.842620 0.036768
1056652912
-1
0
815979128
1056664088 1056663384
-0.360531 0.842620 0.036768
-0.382214 1.088297 -0.081728
-0.412084 1.336931 -0.194041
1056652296
-1
0
815979128
1056664792 1056662768
-0.412084 1.336931 -0.194041
-0.427421 1.521459 -0.282868
-0.423703 1.710479 -0.354505
1056651592
-1
0
815979128
1056664352 1056663912
-0.423703 1.710479 -0.354505
-0.410953 1.865107 -0.393352
-0.363363 2.013883 -0.402096
1056653440
-1
0
815979128
1056664616 1056662680
-0.363363 2.013883 -0.402096
-0.291099 2.151410 -0.395880
-0.184066 2.261618 -0.363377
1056653000
-1
0
815979128
1056662240 1056664176
-0.184066 2.261618 -0.363377
-0.037285 2.376560 -0.311288
0.128979 2.454726 -0.242599
1056651064
-1
0
815979128
1056664000 1056663472
0.128979 2.454726 -0.242599
0.322695 2.526702 -0.159959
0.524342 2.563128 -0.070739
1056652824
-1
0
815979128
1056662944 1056664704
0.524342 2.563128 -0.070739
0.738103 2.587478 0.024115
0.953601 2.577159 0.117446
1056653088
-1
0
815979128
1056663208 1056663736
0.953601 2.577159 0.117446
1.171291 2.552970 0.209946
1.384270 2.490438 0.291630
1056653176
-1
0
815979128
1056664440 1056662592
1.384270 2.490438 0.291630
1.591087 2.412168 0.366278
1.778547 2.289071 0.415307
1056652208
-1
0
815979128
1056664880 1056662328
1.778547 2.289071 0.415307
1.948786 2.143438 0.446296
2.074987 1.959558 0.436428
1056652032
-1
0
815979128
1056662416 1056664528
2.074987 1.959558 0.436428
2.228403 1.722809 0.339757
2.216602 1.529635 0.321691
1056653528
-1
0
815979128
1056663824 1056662856
2.216602 1.529635 0.321691
1.244708 0.867327 1.069955
0.652519 0.436688 1.451585
1056651416
-1
0
815979128
1056663032 1056663120
0.652519 0.436688 1.451585
1.182381 0.413361 0.862354
2.042247 0.376980 -0.082375
1056651768
-1
0
815979128
1056664264 1056663560
2.042247 0.376980 -0.082375
2.036006 0.087878 -0.210494
1.844286 -0.387588 -0.228934
1056650976
-1
0
815979128
1056663296 1056663648
1.844286 -0.387588 -0.228934
1.752751 -0.752517 -0.301642
1.657727 -1.113122 -0.387736
1056653352
-1
0
815979128
1056665320 1056666024
1.657727 -1.113122 -0.387736
1.575043 -1.421123 -0.476588
1.476008 -1.719731 -0.577911
1056653616
-1
0
815979128
1056665584 1056666552
1.476008 -1.719731 -0.577911
1.398469 -1.911234 -0.655465
1.296698 -2.093762 -0.715496
1056653264
-1
0
815979128
1056665672 1056667256
1.296698 -2.093762 -0.715496
1.213349 -2.228370 -0.736796
1.110630 -2.345428 -0.715825
1056652472
-1
0
815979128
1056666200 1056665760
1.110630 -2.345428 -0.715825
1.000969 -2.446355 -0.671529
0.884195 -2.512502 -0.590003
1056653704
-1
0
815979128
1056667080 1056667432
0.884195 -2.512502 -0.590003
0.741102 -2.570768 -0.473392
0.603048 -2.589983 -0.335395
1056651944
-1
0
815979128
1056666640 1056665848
0.603048 -2.589983 -0.335395
0.450625 -2.595088 -0.173294
0.308081 -2.565303 -0.003759
1056652648
-1
0
815979128
1056665144 1056666728
0.308081 -2.565303 -0.003759
0.162563 -2.520616 0.175438
0.028288 -2.443145 0.352145
1056651680
-1
0
815979128
1056666112 1056667520
0.028288 -2.443145 0.352145
-0.102814 -2.351982 0.528304
-0.219849 -2.225891 0.690622
1056651152
-1
0
815979128
1056665408 1056667608
-0.219849 -2.225891 0.690622
-0.328928 -2.086220 0.841824
-0.415180 -1.910201 0.961710
1056651856
-1
0
815979128
1056665232 1056666816
-0.415180 -1.910201 0.961710
-0.477753 -1.730399 1.054443
-0.512239 -1.527272 1.092852
1056652384
-1
0
815979128
1056666288 1056665936
-0.512239 -1.527272 1.092852
-0.540326 -1.294369 1.095621
-0.539726 -1.064358 1.037956
1056651240
-1
0
815979128
1056666376 1056666464
-0.539726 -1.064358 1.037956
-0.518155 -0.825766 0.941924
-0.478165 -0.599115 0.812989
1056651328
-1
0
815979128
1056666904 1056666992
-0.478165 -0.599115 0.812989
-0.431022 -0.361282 0.677134
-0.393866 -0.123910 0.538856
1056651504
-1
0
815979128
1056667168 1056665056
-0.393866 -0.123910 0.538856
-0.384188 0.136932 0.401942
-0.386225 0.352957 0.292728
1056652560
-1
0
815978736
1056667344 1056667696
3.017015 1.629490 0.259624
3.860004 0.129596 0.735646
4.354736 -0.973198 1.008814
1056652736
-1
0
815978736
1056667784 1056665496
4.354736 -0.973198 1.008814
3.798425 -0.490762 0.517599
2.829234 0.303933 -0.255006
1056653880
-1
0
815978736
1056669808 1056669896
2.829234 0.303933 -0.255006
2.677665 0.048112 -0.370867
2.617257 -0.544745 -0.408650
1056655816
-1
0
815978736
1056668312 1056669016
2.617257 -0.544745 -0.408650
2.516990 -0.945542 -0.483651
2.411045 -1.340537 -0.575573
1056653968
-1
0
815978736
1056670512 1056669104
2.411045 -1.340537 -0.575573
2.324453 -1.665006 -0.668049
2.216282 -1.974600 -0.781664
1056654936
-1
0
815978736
1056669632 1056669456
2.216282 -1.974600 -0.781664
2.109101 -2.223182 -0.902188
1.962800 -2.455558 -0.998161
1056655728
-1
0
815978736
1056669984 1056668400
1.962800 -2.455558 -0.998161
1.779813 -2.713769 -1.056703
1.558238 -2.937669 -1.037387
1056655112
-1
0
815978736
1056667960 1056670160
1.558238 -2.937669 -1.037387
1.308448 -3.138164 -0.963703
1.043332 -3.273052 -0.815273
1056654408
-1
0
815978736
1056668488 1056670600
1.043332 -3.273052 -0.815273
0.788754 -3.365263 -0.642249
0.542633 -3.391316 -0.428788
1056656256
-1
0
815978736
1056668576 1056668664
0.542633 -3.391316 -0.428788
0.309500 -3.393899 -0.214100
0.091476 -3.344604 0.013094
1056655904
-1
0
815978736
1056669192 1056669544
0.091476 -3.344604 0.013094
-0.121581 -3.277880 0.241975
-0.318141 -3.165092 0.467411
1056654056
-1
0
815978736
1056668048 1056670424
-0.318141 -3.165092 0.467411
-0.516140 -3.030367 0.698819
-0.692274 -2.845251 0.909029
1056655640
-1
0
815978736
1056669368 1056670248
-0.692274 -2.845251 0.909029
-0.874716 -2.618900 1.128158
-1.019148 -2.335697 1.291352
1056655992
-1
0
815978736
1056669720 1056667872
-1.019148 -2.335697 1.291352
-1.150800 -1.984313 1.429059
-1.230056 -1.597417 1.473496
1056656080
-1
0
815978736
1056668136 1056670072
-1.230056 -1.597417 1.473496
-1.274615 -1.245206 1.456740
-1.269786 -0.903512 1.347178
1056655024
-1
0
815978736
1056668752 1056668840
-1.269786 -0.903512 1.347178
-1.234769 -0.662648 1.214490
-1.189235 -0.435978 1.044470
1056654848
-1
0
815978736
1056669280 1056668928
-1.189235 -0.435978 1.044470
-1.176251 -0.201593 0.901116
-1.174522 0.035182 0.759756
1056656344
-1
0
815978736
1056670336 1056668224
-1.174522 0.035182 0.759756
-1.165624 0.274369 0.618755
-1.159196 0.510113 0.472443
1056654232
-1
0
815978736
1056672536 1056672272
-1.159196 0.510113 0.472443
-1.154678 0.691046 0.342102
-1.160061 0.873433 0.214866
1056654584
-1
0
815978736
1056673064 1056671040
-1.160061 0.873433 0.214866
-1.184115 1.111202 0.075767
-1.208195 1.356073 -0.051501
1056653792
-1
0
815978736
1056670864 1056671128
-1.208195 1.356073 -0.051501
-1.228217 1.614404 -0.194447
-1.216070 1.879583 -0.312880
1056656168
-1
0
815978736
1056672008 1056671392
-1.216070 1.879583 -0.312880
-1.183287 2.130303 -0.396417
-1.088875 2.370580 -0.431844
1056656432
-1
0
815978736
1056673152 1056672360
-1.088875 2.370580 -0.431844
-0.921879 2.654176 -0.444125
-0.692464 2.889416 -0.406817
1056656520
-1
0
815978736
1056671920 1056671304
-0.692464 2.889416 -0.406817
-0.442020 3.081497 -0.346531
-0.156681 3.211532 -0.254369
1056655288
-1
0
815978736
1056671216 1056671480
-0.156681 3.211532 -0.254369
0.127143 3.315011 -0.158522
0.423041 3.365543 -0.051410
1056654144
-1
0
815978736
1056673240 1056671568
0.423041 3.365543 -0.051410
0.721996 3.398189 0.057178
1.022841 3.381855 0.163967
1056654760
-1
0
815978736
1056670952 1056672976
1.022841 3.381855 0.163967
1.335529 3.346184 0.272857
1.639597 3.254526 0.365694
1056655464
-1
0
815978736
1056673328 1056670688
1.639597 3.254526 0.365694
1.967893 3.127758 0.458893
2.261624 2.930969 0.510758
1056654496
-1
0
815978736
1056671656 1056671744
2.261624 2.930969 0.510758
2.562583 2.666491 0.537613
2.785763 2.341240 0.496416
1056654320
-1
0
815978736
1056672184 1056672448
2.785763 2.341240 0.496416
2.926859 1.957240 0.342893
3.017015 1.629490 0.259624
1056654672
-1
0
815978792
1056672712 1056673416
4.244213 1.892753 -1.823569
3.802086 1.876791 -1.254423
2.947066 1.855973 -0.278233
1056655200
-1
0
815978792
1056671832 1056672096
2.947066 1.855973 -0.278233
2.855049 2.074480 -0.126795
2.785145 2.433661 -0.084045
1056655376
-1
0
815978792
1056672624 1056670776
2.785145 2.433661 -0.084045
2.610317 2.709521 -0.047172
2.368355 2.936600 -0.067219
1056655552
-1
0
815978792
1056672800 1056672888
2.368355 2.936600 -0.067219
2.110364 3.122837 -0.112012
1.819924 3.248502 -0.193700
1056656608
-1
0
815978792
1056674208 1056674384
1.819924 3.248502 -0.193700
1.532048 3.348088 -0.281224
1.234197 3.395386 -0.384323
1056658808
-1
0
815978792
1056674032 1056676144
1.234197 3.395386 -0.384323
0.934001 3.424867 -0.490364
0.633871 3.405346 -0.598625
1056656872
-1
0
815978792
1056675968 1056675264
0.633871 3.405346 -0.598625
0.322677 3.366265 -0.710583
0.022351 3.270460 -0.811103
1056656696
-1
0
815978792
1056673944 1056675616
0.022351 3.270460 -0.811103
-0.300788 3.138757 -0.914885
-0.586535 2.935324 -0.983138
1056658632
-1
0
815978792
1056676056 1056675176
-0.586535 2.935324 -0.983138
-0.873293 2.660896 -1.030779
-1.086760 2.325985 -1.017915
1056657576
-1
0
815978792
1056675352 1056674648
-1.086760 2.325985 -1.017915
-1.227505 2.012094 -0.969767
-1.284587 1.682181 -0.862251
1056657664
-1
0
815978792
1056675704 1056675792
-1.284587 1.682181 -0.862251
-1.277287 1.423963 -0.749954
-1.245371 1.174624 -0.605370
1056657752
-1
0
815978792
1056674472 1056675440
-1.245371 1.174624 -0.605370
-1.259262 0.939625 -0.463676
-1.287257 0.708987 -0.314340
1056657400
-1
0
815978792
1056674120 1056675528
-1.287257 0.708987 -0.314340
-1.309481 0.472682 -0.170029
-1.328934 0.239412 -0.020898
1056656960
-1
0
815978792
1056674912 1056673680
-1.328934 0.239412 -0.020898
-1.334808 0.054892 0.109531
-1.348977 -0.126612 0.242681
1056657840
-1
0
815978792
1056675880 1056673504
-1.348977 -0.126612 0.242681
-1.392540 -0.348745 0.401568
-1.443285 -0.575404 0.552358
1056657928
-1
0
815978792
1056676232 1056673592
-1.443285 -0.575404 0.552358
-1.493531 -0.817104 0.717708
-1.520758 -1.076434 0.844603
1056658984
-1
0
815978792
1056673768 1056673856
-1.520758 -1.076434 0.844603
-1.525192 -1.381169 0.945802
-1.490077 -1.694318 0.966841
1056656784
-1
0
815978792
1056674296 1056674560
-1.490077 -1.694318 0.966841
-1.440960 -1.975655 0.929961
-1.351229 -2.231205 0.817765
1056657048
-1
0
815978792
1056674736 1056674824
-1.351229 -2.231205 0.817765
-1.228410 -2.490959 0.672157
-1.072660 -2.705187 0.483393
1056658016
-1
0
815978792
1056675000 1056675088
-1.072660 -2.705187 0.483393
-0.910665 -2.892292 0.285401
-0.726911 -3.032974 0.066252
1056657136
-1
0
815978792
1056676760 1056676320
-0.726911 -3.032974 0.066252
-0.535623 -3.157743 -0.157520
-0.326505 -3.237047 -0.385905
1056658896
-1
0
815978792
1056677816 1056677904
-0.326505 -3.237047 -0.385905
-0.102319 -3.301934 -0.623462
0.139493 -3.311926 -0.849086
1056658280
-1
0
815978792
1056677552 1056677288
0.139493 -3.311926 -0.849086
0.412489 -3.296837 -1.089455
0.697137 -3.206193 -1.285541
1056659072
-1
0
815978792
1056676408 1056677024
0.697137 -3.206193 -1.285541
1.020370 -3.055267 -1.469902
1.328131 -2.824411 -1.566251
1056657224
-1
0
815978792
1056677464 1056676936
1.328131 -2.824411 -1.566251
1.611493 -2.554582 -1.597017
1.852054 -2.240802 -1.533969
1056657312
-1
0
815978792
1056676496 1056677112
1.852054 -2.240802 -1.533969
2.033789 -1.980841 -1.432926
2.168253 -1.700282 -1.299276
1056658368
-1
0
815978792
1056677200 1056676848
2.168253 -1.700282 -1.299276
2.272285 -1.385144 -1.200958
2.364028 -1.067911 -1.094172
1056659160
-1
0
815978792
1056676584 1056676672
2.364028 -1.067911 -1.094172
2.479949 -0.847354 -0.956880
2.574321 -0.614334 -0.852545
1056659248
-1
0
815978792
1056677376 1056677728
2.574321 -0.614334 -0.852545
2.602946 0.035621 -0.705580
2.745630 0.594476 -0.759065
1056657488
-1
0
815978792
1056677640 1056647368
2.745630 0.594476 -0.759065
3.670902 1.444616 -1.433057
4.244213 1.892753 -1.823569
1056658104
-1
0
815978904
1056645520 1056645784
1.958652 0.667522 -0.586437
1.044322 1.405953 -0.876869
0.410743 1.968313 -1.045536
1056658192
-1
0
815978904
1056646664 1056646048
0.410743 1.968313 -1.045536
1.043974 1.941591 -0.735371
2.146653 1.756119 -0.216168
1056658456
-1
0
815978904
1056647720 1056646928
2.146653 1.756119 -0.216168
2.174075 1.858597 -0.162858
2.074361 2.051970 -0.144034
1056659336
-1
0
815978904
1056646576 1056645960
2.074361 2.051970 -0.144034
1.996668 2.186556 -0.139106
1.885279 2.294702 -0.162665
1056658544
-1
0
815978904
1056645872 1056646136
1.885279 2.294702 -0.162665
1.733953 2.407579 -0.205422
1.564598 2.484415 -0.267764
1056658720
-1
0
815978904
1056647808 1056645696
1.564598 2.484415 -0.267764
1.368037 2.555138 -0.344566
1.164958 2.590680 -0.430845
1056659424
-1
0
815978904
1056645608 1056647632
1.164958 2.590680 -0.430845
0.950242 2.614172 -0.523741
0.735172 2.602941 -0.617952
1056660480
-1
0
815978904
1056647984 1056645344
0.735172 2.602941 -0.617952
0.518466 2.577738 -0.712469
0.308011 2.513655 -0.799334
1056660568
-1
0
815978904
1056646224 1056646400
0.308011 2.513655 -0.799334
0.104351 2.433572 -0.880466
-0.078139 2.307527 -0.939701
1056661096
-1
0
815978904
1056646840 1056647104
-0.078139 2.307527 -0.939701
-0.242496 2.158244 -0.982768
-0.361259 1.969287 -0.988169
1056661976
-1
0
815978904
1056647456 1056648072
-0.361259 1.969287 -0.988169
-0.447371 1.753654 -0.969689
-0.485458 1.526131 -0.909190
1056662064
-1
0
815978904
1056646312 1056646488
-0.485458 1.526131 -0.909190
-0.510597 1.293571 -0.818866
-0.510265 1.065198 -0.705897
1056662152
-1
0
815978904
1056646752 1056645432
-0.510265 1.065198 -0.705897
-0.499577 0.813163 -0.589225
-0.495121 0.565178 -0.465426
1056660392
-1
0
815978904
1056647016 1056647280
-0.495121 0.565178 -0.465426
-0.519730 0.322330 -0.335296
-0.555963 0.082256 -0.200613
1056661624
-1
0
815978904
1056647192 1056647544
-0.555963 0.082256 -0.200613
-0.576591 -0.153246 -0.073130
-0.605423 -0.385748 0.057028
1056660832
-1
0
815978904
1056647896 1056650800
-0.605423 -0.385748 0.057028
-0.655883 -0.620020 0.199299
-0.714431 -0.854316 0.339151
1056660920
-1
0
815978904
1056650624 1056649920
-0.714431 -0.854316 0.339151
-0.758509 -1.040609 0.449644
-0.790698 -1.237280 0.535378
1056661800
-1
0
815978904
1056648600 1056650272
-0.790698 -1.237280 0.535378
-0.803234 -1.390193 0.578746
-0.795829 -1.547251 0.578411
1056661008
-1
0
815978904
1056650712 1056649832
-0.795829 -1.547251 0.578411
-0.782277 -1.683880 0.552307
-0.747261 -1.805708 0.488129
1056661272
-1
0
815978904
1056650008 1056649304
-0.747261 -1.805708 0.488129
-0.683704 -1.959457 0.388392
-0.600234 -2.085827 0.264986
1056660216
-1
0
815978904
1056650360 1056650448
-0.600234 -2.085827 0.264986
-0.497812 -2.214025 0.114611
-0.380487 -2.311037 -0.049013
1056661184
-1
0
815978904
1056649128 1056650096
-0.380487 -2.311037 -0.049013
-0.251730 -2.400410 -0.224279
-0.109900 -2.457747 -0.402758
1056660304
-1
0
815978904
1056648688 1056650184
-0.109900 -2.457747 -0.402758
0.038508 -2.502779 -0.582971
0.199904 -2.510602 -0.755691
1056661360
-1
0
815978904
1056649568 1056648336
0.199904 -2.510602 -0.755691
0.364255 -2.501866 -0.921177
0.538004 -2.445635 -1.060275
1056659512
-1
0
815978904
1056650536 1056648160
0.538004 -2.445635 -1.060275
0.712521 -2.363287 -1.178229
0.880530 -2.232173 -1.244694
1056661448
-1
0
815978904
1056650888 1056648248
0.880530 -2.232173 -1.244694
1.046074 -2.069859 -1.277488
1.185951 -1.879006 -1.251307
1056659600
-1
0
815978904
1056648424 1056648512
1.185951 -1.879006 -1.251307
1.324678 -1.669792 -1.186280
1.427977 -1.445415 -1.095523
1056660656
-1
0
815978904
1056648776 1056648864
1.427977 -1.445415 -1.095523
1.532317 -1.149353 -0.995751
1.610710 -0.840495 -0.906334
1056659952
-1
0
815978904
1056649392 1056649216
1.610710 -0.840495 -0.906334
1.700262 -0.475831 -0.817682
1.782408 -0.106119 -0.741210
1056661536
-1
0
815978904
1056648952 1056649040
1.782408 -0.106119 -0.741210
1.949774 0.342948 -0.624517
1.958652 0.667522 -0.586437
1056661712
-1
0
815978512
1056649480 1056649656
0.652519 0.436688 1.451585
2.474865 -0.606585 1.662985
4.354736 -0.973198 1.008814
1056660744
-1
0
815978512
1056649744 957537424
4.354736 -0.973198 1.008814
4.965749 0.326670 -0.513111
4.244213 1.892753 -1.823569
1056659776
-1
0
815978512
957537600 957539360
4.244213 1.892753 -1.823569
2.346431 2.329572 -1.938897
0.410743 1.968313 -1.045536
1056661888
-1
0
815978512
957537952 957538656
0.410743 1.968313 -1.045536
0.052748 1.249241 0.339917
0.652519 0.436688 1.451585
1056660040
-1
0
815978624
957537688 957539272
2.745630 0.594476 -0.759065
2.360405 0.679367 -0.765334
1.958652 0.667522 -0.586437
1056659688
-1
0
815978624
957537776 957538040
1.958652 0.667522 -0.586437
1.884540 0.533009 -0.308980
2.042247 0.376980 -0.082375
1056659864
-1
0
815978624
957537248 957539448
2.042247 0.376980 -0.082375
2.452687 0.281558 -0.066509
2.829234 0.303933 -0.255006
1056660128
-1
0
815978624
957536984 957539184
2.829234 0.303933 -0.255006
2.885024 0.446096 -0.539434
2.745630 0.594476 -0.759065

