Cps
128
956606944
-1.195490 0.140729 0.258007
4
0
957235600
0
0
956589088
-1.209200 0.634569 0.009248
4
0
957235688
0
957235600
956589184
-1.224100 1.131950 -0.242604
4
0
957235776
0
957235688
956589280
-1.217720 1.532440 -0.417396
4
0
957235864
957235776
0
956624440
-1.137510 1.832380 -0.456921
4
0
957235952
0
957235864
956624536
-0.968128 2.077870 -0.379040
4
0
957236040
0
957235952
956624632
-0.694162 2.269480 -0.183827
4
0
957236128
957236040
0
956624728
-0.357535 2.376920 0.085888
4
0
957236216
0
957236128
957219120
0.004373 2.390080 0.383771
4
0
957236960
0
957236216
957219216
0.368396 2.301990 0.671998
4
0
957236960
0
957237048
957219312
0.707716 2.098030 0.905604
4
0
957237840
0
957237048
957219408
0.977028 1.763810 1.018200
4
0
957237312
957237840
0
957219504
1.131450 1.326810 0.961240
4
0
957236432
0
957237312
957219600
-0.476687 0.382924 1.619528
4
957236432
957246296
0
957236520
957220600
1.182530 0.354356 0.506757
4
957236520
957249080
957246616
957237136
957220504
1.195490 -0.140733 0.258007
4
957237136
0
0
957236784
957220984
1.209200 -0.634573 0.009248
4
957236784
0
0
957236872
957220696
1.224100 -1.131950 -0.242604
4
0
957237928
0
957236872
957221272
1.217720 -1.532440 -0.417397
4
0
957237224
957237928
0
957220120
1.137510 -1.832380 -0.456921
4
0
957237664
0
957237224
957220792
0.968126 -2.077870 -0.379041
4
0
957238016
0
957237664
957221368
0.694160 -2.269480 -0.183828
4
0
957236608
957238016
0
957220024
0.357533 -2.376920 0.085888
4
0
957238104
0
957236608
957221464
-0.004375 -2.390080 0.383771
4
0
957238192
0
957238104
957220888
-0.368398 -2.301990 0.671997
4
0
957238192
0
957237488
957219928
-0.707718 -2.098030 0.905603
4
0
957236344
0
957237488
957221176
-0.977030 -1.763810 1.018200
4
0
957236344
0
957237576
957220216
-1.131450 -1.326810 0.961240
4
0
957237752
0
957237576
957221080
-1.170820 -0.850286 0.755747
4
0
957237400
0
957237752
957221560
-1.182530 -0.354360 0.506755
4
0
957236696
0
957237400
957221656
1.921120 1.408060 1.117220
4
0
957240256
0
0
957220408
3.419622 0.199135 1.923203
4
957246296
957240256
957245328
957239288
957219736
1.990720 0.337725 0.539492
4
957249080
957239288
957246968
957240344
957220312
2.004510 -0.140734 0.258006
4
0
957240344
0
957238496
957219832
2.017390 -0.617943 -0.023490
4
0
957238496
0
957238936
957224392
2.029780 -1.093950 -0.305401
4
0
957239552
0
957238936
957222760
2.007390 -1.613700 -0.573380
4
0
957239552
0
957238848
957223144
1.816260 -2.201960 -0.696145
4
0
957240872
0
957238848
957221992
1.426130 -2.713380 -0.581207
4
0
957239024
957240872
0
957224584
0.942687 -3.030720 -0.298974
4
0
957240784
0
957239024
957223048
0.435868 -3.181320 0.049536
4
0
957239904
0
957240784
957222088
-0.082695 -3.194480 0.420148
4
0
957238584
957239904
0
957221800
-0.616925 -3.063230 0.787149
4
0
957240960
0
957238584
957221896
-1.165720 -2.733540 1.107780
4
0
957240608
0
957240960
957222952
-1.655770 -2.133390 1.257420
4
0
957240608
0
957239376
957223240
-1.921120 -1.408060 1.117220
4
0
957238672
0
957239376
957224008
-1.976500 -0.812281 0.818542
4
0
957241048
0
957238672
957223720
-1.990720 -0.337728 0.539492
4
0
957240520
0
957241048
957223336
-2.004510 0.140729 0.258007
4
0
957239640
0
957240520
957222184
-2.017390 0.617940 -0.023490
4
0
957239728
0
957239640
957222472
-2.029780 1.093950 -0.305400
4
0
957240432
0
957239728
957224776
-2.007390 1.613690 -0.573380
4
0
957240432
0
957239464
957224296
-1.816260 2.201960 -0.696145
4
0
957239112
0
957239464
957222280
-1.426130 2.713380 -0.581207
4
0
957238760
957239112
0
957222568
-0.942689 3.030720 -0.298975
4
0
957240696
0
957238760
957224488
-0.435869 3.181320 0.049536
4
0
957239200
0
957240696
957223912
0.082693 3.194470 0.420148
4
0
957239816
957239200
0
957222376
0.616924 3.063230 0.787149
4
0
957241136
0
957239816
957224680
1.165720 2.733540 1.107780
4
0
957239992
0
957241136
957222664
1.655770 2.133380 1.257420
4
0
957239992
0
957238408
957223432
3.677286 1.561315 -0.558378
4
957245328
957240080
957249344
957244624
957223816
2.007390 1.613690 0.573379
4
0
957240080
0
957240168
957222856
1.816260 2.201960 0.696144
4
0
957240168
0
957241664
957223528
1.426130 2.713380 0.581210
4
0
957241664
957242016
0
957223624
0.942688 3.030720 0.298977
4
0
957242016
0
957241928
957224104
0.435861 3.181330 -0.049523
4
0
957241928
0
957242368
957224200
-0.082703 3.194480 -0.420136
4
0
957242368
957242104
0
957225352
-0.616925 3.063230 -0.787147
4
0
957242104
0
957242280
957225736
-1.165720 2.733540 -1.107770
4
0
957241488
0
957242280
957225160
-1.655770 2.133380 -1.257420
4
0
957241488
0
957241400
957225640
-1.921120 1.408060 -1.117220
4
0
957241400
0
957242192
957225256
-1.976500 0.812280 -0.818543
4
0
957242192
0
957241576
957225544
-1.990720 0.337725 -0.539494
4
0
957241576
0
957241224
957224968
-2.004510 -0.140733 -0.258007
4
0
957241224
0
957241840
957224872
-2.017390 -0.617943 0.023488
4
0
957241840
0
957241312
957225064
-2.029780 -1.093950 0.305400
4
0
957241312
0
957241752
957225448
-2.007390 -1.613690 0.573380
4
0
957241752
0
957244096
957226096
-1.816260 -2.201960 0.696145
4
0
957244360
0
957244096
957228016
-1.426130 -2.713380 0.581210
4
0
957244360
957243744
0
957228784
-0.942689 -3.030720 0.298977
4
0
957243744
0
957242600
957228592
-0.435862 -3.181330 -0.049523
4
0
957242600
0
957244008
957226480
0.082702 -3.194490 -0.420136
4
0
957244008
957244712
0
957226864
0.616924 -3.063230 -0.787147
4
0
957244712
0
957243128
957227344
1.165720 -2.733550 -1.107770
4
0
957243480
0
957243128
957226672
1.655770 -2.133390 -1.257420
4
0
957243480
0
957242688
957226192
1.921120 -1.408070 -1.117220
4
0
957242688
0
957243304
957226768
1.976500 -0.812282 -0.818544
4
0
957243304
0
957242776
957228496
1.990720 -0.337729 -0.539494
4
0
957243216
0
957242776
957226576
2.004510 0.140729 -0.258007
4
0
957242864
0
957243216
957226288
2.017380 0.617939 0.023489
4
0
957244624
957249256
957242864
957226384
1.209200 0.634570 -0.009247
4
957249256
957244272
957246616
957246032
957226960
-0.219022 1.745085 -0.862058
4
957249344
957243920
957246792
957244272
957227824
1.217720 1.532440 0.417397
4
0
957243920
957243040
0
957227056
1.137510 1.832380 0.456921
4
0
957243040
0
957244448
957227536
0.968127 2.077870 0.379039
4
0
957244448
0
957244184
957227152
0.694160 2.269480 0.183826
4
0
957244184
957244800
0
957227248
0.357541 2.376930 -0.085900
4
0
957244800
0
957243392
957227440
-0.004369 2.390090 -0.383783
4
0
957244536
0
957243392
957227632
-0.368398 2.301990 -0.672000
4
0
957244536
0
957243656
957227728
-0.707719 2.098030 -0.905606
4
0
957243656
0
957245064
957225904
-0.977030 1.763800 -1.018200
4
0
957245064
957243568
0
957227920
-1.131450 1.326810 -0.961239
4
0
957243568
0
957243832
957228112
-1.170820 0.850281 -0.755747
4
0
957243832
0
957242952
957228688
-1.182530 0.354354 -0.506756
4
0
957242952
0
957244888
957228208
-1.195490 -0.140733 -0.258007
4
0
957244888
0
957244976
957228304
-1.209200 -0.634574 -0.009248
4
0
957244976
0
957245152
957228400
-1.224100 -1.131950 0.242605
4
0
957245152
0
957242512
957228880
-1.217720 -1.532440 0.417397
4
0
957242512
957245240
0
957226000
-1.137510 -1.832380 0.456921
4
957246472
0
0
957245240
957229168
-0.968129 -2.077870 0.379038
4
0
957246472
0
957246384
957229264
-0.694162 -2.269480 0.183825
4
0
957246384
957246120
0
957229744
-0.357543 -2.376940 -0.085900
4
0
957246120
0
957245416
957229552
0.004367 -2.390090 -0.383784
4
0
957245592
0
957245416
957229360
0.368396 -2.302000 -0.672000
4
0
957245592
0
957246208
957229456
0.707717 -2.098030 -0.905607
4
0
957246208
0
957245680
957229648
0.977028 -1.763810 -1.018200
4
0
957245680
957245768
0
957229072
1.131450 -1.326810 -0.961240
4
0
957245768
0
957245504
957229840
1.170820 -0.850285 -0.755746
4
0
957245504
0
957245856
957228976
1.182530 -0.354358 -0.506755
4
0
957245944
0
957245856
957232984
1.195490 0.140730 -0.258006
4
0
957246032
0
957245944
957219600
-0.476687 0.382924 1.619528
4
957236432
957246296
0
957236520
957220408
3.419622 0.199135 1.923203
4
957246296
957240256
957245328
957239288
957223432
3.677286 1.561315 -0.558378
4
957245328
957240080
957249344
957244624
957226960
-0.219022 1.745085 -0.862058
4
957249344
957243920
957246792
957244272
957226288
2.017380 0.617939 0.023489
4
0
957244624
957249256
957242864
957226384
1.209200 0.634570 -0.009247
4
957249256
957244272
957246616
957246032
957220600
1.182530 0.354356 0.506757
4
957236520
957249080
957246616
957237136
957219736
1.990720 0.337725 0.539492
4
957249080
957239288
957246968
957240344

