Curves
6
807328064
30
957230800
0.500000
957229744
0.700000
957229648
0.700000
957229360
0.700000
957229456
0.700000
957229840
0.700000
957229168
0.700000
957230224
0.700000
957229552
0.700000
957230896
0.700000
957228976
0.700000
957229264
0.700000
957229072
0.700000
957229936
0.700000
957230320
0.700000
957230032
0.700000
957230128
0.700000
957230416
0.700000
957230608
0.700000
957230704
0.700000
957230512
0.700000
1036166600
0.700000
1036166696
0.700000
1036168232
0.700000
1036169000
0.700000
1036167368
0.700000
1036168136
0.700000
1036167464
0.700000
1036168328
0.700000
1036168808
0.700000
30
1058418400
1058419120
1058417520
1058418880
1058419200
1058418080
1058419280
1058416880
1058416960
1058418000
1058416800
1058417200
1058417040
1058418960
1058417120
1058417280
1058418320
1058417360
1058417440
1058418480
1058418160
1058417600
1058417680
1058417760
1058417840
1058419040
1058417920
1058418240
1058418640
1058418560
0
1034922320
807327560
30
1036169096
0.500000
1036167560
0.700000
1036168040
0.700000
1036167848
0.700000
1036167752
0.700000
1036167656
0.700000
1036168424
0.700000
1036166888
0.700000
1036168904
0.700000
1036167944
0.700000
1036168712
0.700000
1036169192
0.700000
1036168520
0.700000
1036168616
0.700000
1036169288
0.700000
1036167080
0.700000
1036166312
0.700000
1036166984
0.700000
1036166408
0.700000
1036166504
0.700000
1036166792
0.700000
1036167272
0.700000
1036167176
0.700000
1036169768
0.700000
1036170248
0.700000
1036169384
0.700000
1036170056
0.700000
1036169864
0.700000
1036169480
0.700000
1036169960
0.700000
30
1058418720
1058418800
1058420560
1058420240
1058420640
1058420720
1058419920
1058419840
1058420080
1058420160
1058420320
1058420000
1058420400
1058420480
1058419360
1058419440
1058419760
1058419520
1058419600
1058419680
957583152
957582192
957582352
957582432
957582272
957583472
957582512
957582992
957582592
957583072
0
1034922320
807327616
30
1036170152
0.500000
1036169576
0.700000
1036169672
0.700000
1036173104
0.700000
1036172720
0.700000
1036170896
0.700000
1036172144
0.700000
1036170704
0.700000
1036171664
0.700000
1036172048
0.700000
1036173008
0.700000
1036172816
0.700000
1036172912
0.700000
1036170512
0.700000
1036170800
0.700000
1036170608
0.700000
1036170992
0.700000
1036173200
0.700000
1036172624
0.700000
1036171088
0.700000
1036173296
0.700000
1036173392
0.700000
1036171856
0.700000
1036171184
0.700000
1036171280
0.700000
1036171472
0.700000
1036170416
0.700000
1036171376
0.700000
1036171568
0.700000
1036171760
0.700000
30
957581552
957581632
957583232
957582672
957582752
957581072
957583312
957581232
957583392
957581472
957582832
957583552
957582912
957581392
957581152
957581312
957581712
957582032
957581792
957581872
957581952
957582112
957584272
957584832
957584512
957584032
957583712
957584112
957584192
957584592
0
1034922320
807327896
30
1036171952
0.500000
1036172240
0.700000
1036172336
0.700000
1036172432
0.700000
1036172528
0.700000
1036173584
0.700000
1036173488
0.700000
1036173680
0.700000
1036173968
0.700000
1036174064
0.700000
1036174256
0.700000
1036174352
0.700000
1036173776
0.700000
1036173872
0.700000
1036174160
0.700000
1036175960
0.700000
1036175864
0.700000
1036175096
0.700000
1036176152
0.700000
1036176248
0.700000
1036174808
0.700000
1036175576
0.700000
1036174904
0.700000
1036176056
0.700000
1036176344
0.700000
1036175672
0.700000
1036176536
0.700000
1036176440
0.700000
1036175192
0.700000
1036176632
0.700000
30
957584672
957584352
957584432
957584752
957584912
957584992
957583632
957583792
957583872
957583952
957585576
957587176
957586776
957585496
957587656
957585176
957586216
957586456
957586376
957585336
957587256
957585736
957587416
957586696
957587096
957587336
957585656
957587496
957586616
957586856
0
1034922320
807327952
4
957229936
0.500000
1036167560
0.700000
1036170152
0.700000
1036172240
0.700000
4
957585416
957586936
957586296
957587576
0
1034922320
807328176
4
1036171760
0.500000
1036171952
0.700000
957230320
0.700000
1036168040
0.700000
4
957586536
957585816
957585256
957587016
0
1034922320

