Segments
128
1058418400
0
0
807328064
957585896 957585976
-1.195490 0.140729 0.258007
-1.201517 0.363022 0.146187
-1.209200 0.634569 0.009248
1058419120
0
0
807328064
957586056 957586136
-1.209200 0.634569 0.009248
-1.218328 0.882253 -0.118801
-1.224100 1.131950 -0.242604
1058417520
0
0
807328064
957587896 957588216
-1.224100 1.131950 -0.242604
-1.230395 1.329803 -0.340948
-1.217720 1.532440 -0.417396
1058418880
0
0
807328064
957588376 957588696
-1.217720 1.532440 -0.417396
-1.193297 1.685474 -0.456192
-1.137510 1.832380 -0.456921
1058419200
0
0
807328064
957588536 957588056
-1.137510 1.832380 -0.456921
-1.065538 1.968579 -0.435835
-0.968128 2.077870 -0.379040
1058418080
0
0
807328064
957588296 957587976
-0.968128 2.077870 -0.379040
-0.837692 2.191899 -0.292701
-0.694162 2.269480 -0.183827
1058419280
0
0
807328064
957588616 957588776
-0.694162 2.269480 -0.183827
-0.528225 2.340902 -0.053820
-0.357535 2.376920 0.085888
1058416880
0
0
807328064
957588856 957588136
-0.357535 2.376920 0.085888
-0.177098 2.400865 0.234736
0.004373 2.390080 0.383771
1058416960
0
0
807328064
957588456 957588936
0.004373 2.390080 0.383771
0.187757 2.365361 0.533077
0.368396 2.301990 0.671998
1058418000
0
0
807328064
957589016 957589096
0.368396 2.301990 0.671998
0.544551 2.222731 0.803002
0.707716 2.098030 0.905604
1058416800
0
0
807328064
957587736 957587816
0.707716 2.098030 0.905604
0.858557 1.950421 0.986916
0.977028 1.763810 1.018200
1058417200
0
0
807328064
1035057256 1035057816
0.977028 1.763810 1.018200
1.140860 1.522272 0.974609
1.131450 1.326810 0.961240
1058417040
0
0
807328064
1035058136 1035058296
1.131450 1.326810 0.961240
0.117134 0.744026 1.415075
-0.476687 0.382924 1.619528
1058418960
0
0
807328064
1035057736 1035058376
-0.476687 0.382924 1.619528
0.128328 0.354851 1.209696
1.182530 0.354356 0.506757
1058417120
0
0
807328064
1035058056 1035057416
1.182530 0.354356 0.506757
1.250219 0.173529 0.374218
1.195490 -0.140733 0.258007
1058417280
0
0
807328064
1035057336 1035058456
1.195490 -0.140733 0.258007
1.202183 -0.387725 0.133761
1.209200 -0.634573 0.009248
1058418320
0
0
807328064
1035058216 1035057656
1.209200 -0.634573 0.009248
1.218328 -0.882255 -0.118801
1.224100 -1.131950 -0.242604
1058417360
0
0
807328064
1035057496 1035057576
1.224100 -1.131950 -0.242604
1.230395 -1.329803 -0.340949
1.217720 -1.532440 -0.417397
1058417440
0
0
807328064
1035057896 1035057976
1.217720 -1.532440 -0.417397
1.193297 -1.685474 -0.456192
1.137510 -1.832380 -0.456921
1058418480
0
0
807328064
1035057096 1035057176
1.137510 -1.832380 -0.456921
1.065537 -1.968579 -0.435835
0.968126 -2.077870 -0.379041
1058418160
0
0
807328064
1035054856 1035055576
0.968126 -2.077870 -0.379041
0.837689 -2.191899 -0.292702
0.694160 -2.269480 -0.183828
1058417600
0
0
807328064
1035056696 1035056056
0.694160 -2.269480 -0.183828
0.528223 -2.340902 -0.053821
0.357533 -2.376920 0.085888
1058417680
0
0
807328064
1035055976 1035055016
0.357533 -2.376920 0.085888
0.177096 -2.400865 0.234736
-0.004375 -2.390080 0.383771
1058417760
0
0
807328064
1035055176 1035056296
-0.004375 -2.390080 0.383771
-0.187759 -2.365361 0.533076
-0.368398 -2.301990 0.671997
1058417840
0
0
807328064
1035056136 1035055256
-0.368398 -2.301990 0.671997
-0.544553 -2.222731 0.803001
-0.707718 -2.098030 0.905603
1058419040
0
0
807328064
1035055816 1035057016
-0.707718 -2.098030 0.905603
-0.858559 -1.950421 0.986916
-0.977030 -1.763810 1.018200
1058417920
0
0
807328064
1035054616 1035054696
-0.977030 -1.763810 1.018200
-1.076224 -1.551713 1.016433
-1.131450 -1.326810 0.961240
1058418240
0
0
807328064
1035055736 1035056936
-1.131450 -1.326810 0.961240
-1.164684 -1.086637 0.872773
-1.170820 -0.850286 0.755747
1058418640
0
0
807328064
1035054936 1035054536
-1.170820 -0.850286 0.755747
-1.179128 -0.601274 0.633789
-1.182530 -0.354360 0.506755
1058418560
0
0
807328064
1035056776 1035055096
-1.182530 -0.354360 0.506755
-1.189499 -0.082036 0.369986
-1.195490 0.140729 0.258007
1058418720
0
0
807327560
1035055336 1035056216
1.921120 1.408060 1.117220
2.824367 0.723691 1.632397
3.419622 0.199135 1.923203
1058418800
0
0
807327560
1035054776 1035055416
3.419622 0.199135 1.923203
2.904822 0.223439 1.409884
1.990720 0.337725 0.539492
1058420560
0
0
807327560
1035056376 1035055896
1.990720 0.337725 0.539492
1.941334 0.169243 0.384581
2.004510 -0.140734 0.258006
1058420240
0
0
807327560
1035056456 1035055496
2.004510 -0.140734 0.258006
2.011069 -0.379408 0.117381
2.017390 -0.617943 -0.023490
1058420640
0
0
807327560
1035056856 1035055656
2.017390 -0.617943 -0.023490
2.026645 -0.854597 -0.166936
2.029780 -1.093950 -0.305401
1058420720
0
0
807327560
1035056536 1035056616
2.029780 -1.093950 -0.305401
2.035671 -1.350059 -0.455938
2.007390 -1.613700 -0.573380
1058419920
0
0
807327560
1035058880 1035059680
2.007390 -1.613700 -0.573380
1.942400 -1.913890 -0.669557
1.816260 -2.201960 -0.696145
1058419840
0
0
807327560
1035059040 1035059120
1.816260 -2.201960 -0.696145
1.646454 -2.482531 -0.674392
1.426130 -2.713380 -0.581207
1058420080
0
0
807327560
1035060720 1035059920
1.426130 -2.713380 -0.581207
1.195899 -2.902738 -0.461237
0.942687 -3.030720 -0.298974
1058420160
0
0
807327560
1035059520 1035058720
0.942687 -3.030720 -0.298974
0.692744 -3.132355 -0.132683
0.435868 -3.181320 0.049536
1058420320
0
0
807327560
1035060080 1035060960
0.435868 -3.181320 0.049536
0.176997 -3.212421 0.234617
-0.082695 -3.194480 0.420148
1058420000
0
0
807327560
1035060240 1035059200
-0.082695 -3.194480 0.420148
-0.352616 -3.157063 0.611594
-0.616925 -3.063230 0.787149
1058420400
0
0
807327560
1035060800 1035060160
-0.616925 -3.063230 0.787149
-0.903368 -2.933859 0.970873
-1.165720 -2.733540 1.107780
1058420480
0
0
807327560
1035061040 1035058960
-1.165720 -2.733540 1.107780
-1.439787 -2.464438 1.224919
-1.655770 -2.133390 1.257420
1058419360
0
0
807327560
1035060400 1035060880
-1.655770 -2.133390 1.257420
-1.824060 -1.779890 1.229616
-1.921120 -1.408060 1.117220
1058419440
0
0
807327560
1035059360 1035059600
-1.921120 -1.408060 1.117220
-1.967951 -1.106535 0.987994
-1.976500 -0.812281 0.818542
1058419760
0
0
807327560
1035060320 1035060480
-1.976500 -0.812281 0.818542
-1.986670 -0.573459 0.682203
-1.990720 -0.337728 0.539492
1058419520
0
0
807327560
1035058800 1035059280
-1.990720 -0.337728 0.539492
-1.997740 -0.098468 0.398809
-2.004510 0.140729 0.258007
1058419600
0
0
807327560
1035060640 1035060000
-2.004510 0.140729 0.258007
-2.011069 0.379404 0.117381
-2.017390 0.617940 -0.023490
1058419680
0
0
807327560
1035060560 1035059840
-2.017390 0.617940 -0.023490
-2.026645 0.854596 -0.166935
-2.029780 1.093950 -0.305400
957583152
0
0
807327560
1035061120 1035059760
-2.029780 1.093950 -0.305400
-2.035671 1.350054 -0.455937
-2.007390 1.613690 -0.573380
957582192
0
0
807327560
1035058640 1035059440
-2.007390 1.613690 -0.573380
-1.942400 1.913885 -0.669557
-1.816260 2.201960 -0.696145
957582352
0
0
807327560
1035062320 1035061440
-1.816260 2.201960 -0.696145
-1.646454 2.482531 -0.674392
-1.426130 2.713380 -0.581207
957582432
0
0
807327560
1035061520 1035062400
-1.426130 2.713380 -0.581207
-1.195900 2.902738 -0.461237
-0.942689 3.030720 -0.298975
957582272
0
0
807327560
1035062000 1035061920
-0.942689 3.030720 -0.298975
-0.692745 3.132357 -0.132684
-0.435869 3.181320 0.049536
957583472
0
0
807327560
1035061200 1035062480
-0.435869 3.181320 0.049536
-0.176999 3.212415 0.234617
0.082693 3.194470 0.420148
957582512
0
0
807327560
1035061360 1035062560
0.082693 3.194470 0.420148
0.352614 3.157057 0.611594
0.616924 3.063230 0.787149
957582992
0
0
807327560
1035061600 1035062080
0.616924 3.063230 0.787149
0.903368 2.933861 0.970873
1.165720 2.733540 1.107780
957582592
0
0
807327560
1035061280 1035061680
1.165720 2.733540 1.107780
1.439787 2.464433 1.224920
1.655770 2.133380 1.257420
957583072
0
0
807327560
1035062160 1035061760
1.655770 2.133380 1.257420
1.794111 1.721125 1.165400
1.921120 1.408060 1.117220
957581552
0
0
807327616
1035061840 1035062240
3.677286 1.561315 -0.558378
3.089848 1.564659 -0.125213
2.007390 1.613690 0.573379
957581632
0
0
807327616
957144608 957145008
2.007390 1.613690 0.573379
1.884239 1.840005 0.686360
1.816260 2.201960 0.696144
957583232
0
0
807327616
957145408 957145568
1.816260 2.201960 0.696144
1.646454 2.482531 0.674393
1.426130 2.713380 0.581210
957582672
0
0
807327616
957145088 957145168
1.426130 2.713380 0.581210
1.195900 2.902737 0.461239
0.942688 3.030720 0.298977
957582752
0
0
807327616
957144688 957143888
0.942688 3.030720 0.298977
0.692741 3.132361 0.132691
0.435861 3.181330 -0.049523
957581072
0
0
807327616
957145248 957144848
0.435861 3.181330 -0.049523
0.176988 3.212427 -0.234603
-0.082703 3.194480 -0.420136
957583312
0
0
807327616
957143728 957143568
-0.082703 3.194480 -0.420136
-0.352619 3.157062 -0.611587
-0.616925 3.063230 -0.787147
957581232
0
0
807327616
957145488 957144928
-0.616925 3.063230 -0.787147
-0.903368 2.933860 -0.970867
-1.165720 2.733540 -1.107770
957583392
0
0
807327616
957144128 957143808
-1.165720 2.733540 -1.107770
-1.439787 2.464433 -1.224914
-1.655770 2.133380 -1.257420
957581472
0
0
807327616
957143968 957143328
-1.655770 2.133380 -1.257420
-1.824060 1.779885 -1.229616
-1.921120 1.408060 -1.117220
957582832
0
0
807327616
957143648 957145328
-1.921120 1.408060 -1.117220
-1.967951 1.106535 -0.987994
-1.976500 0.812280 -0.818543
957583552
0
0
807327616
957144048 957143408
-1.976500 0.812280 -0.818543
-1.986670 0.573457 -0.682204
-1.990720 0.337725 -0.539494
957582912
0
0
807327616
957144208 957143088
-1.990720 0.337725 -0.539494
-1.997740 0.098465 -0.398810
-2.004510 -0.140733 -0.258007
957581392
0
0
807327616
957144768 957144528
-2.004510 -0.140733 -0.258007
-2.011069 -0.379407 -0.117382
-2.017390 -0.617943 0.023488
957581152
0
0
807327616
957144288 957144368
-2.017390 -0.617943 0.023488
-2.026645 -0.854598 0.166934
-2.029780 -1.093950 0.305400
957581312
0
0
807327616
957143168 957143248
-2.029780 -1.093950 0.305400
-2.035671 -1.350054 0.455938
-2.007390 -1.613690 0.573380
957581712
0
0
807327616
957144448 957143488
-2.007390 -1.613690 0.573380
-1.942400 -1.913885 0.669557
-1.816260 -2.201960 0.696145
957582032
0
0
807327616
957147008 957145648
-1.816260 -2.201960 0.696145
-1.646454 -2.482531 0.674393
-1.426130 -2.713380 0.581210
957581792
0
0
807327616
957145808 957146368
-1.426130 -2.713380 0.581210
-1.195901 -2.902737 0.461239
-0.942689 -3.030720 0.298977
957581872
0
0
807327616
957145728 957146128
-0.942689 -3.030720 0.298977
-0.692742 -3.132361 0.132691
-0.435862 -3.181330 -0.049523
957581952
0
0
807327616
957145888 957145968
-0.435862 -3.181330 -0.049523
-0.176989 -3.212433 -0.234603
0.082702 -3.194490 -0.420136
957582112
0
0
807327616
957146208 957146288
0.082702 -3.194490 -0.420136
0.352618 -3.157067 -0.611587
0.616924 -3.063230 -0.787147
957584272
0
0
807327616
957146848 957146448
0.616924 -3.063230 -0.787147
0.903368 -2.933864 -0.970867
1.165720 -2.733550 -1.107770
957584832
0
0
807327616
957146048 957146528
1.165720 -2.733550 -1.107770
1.439787 -2.464443 -1.224914
1.655770 -2.133390 -1.257420
957584512
0
0
807327616
957146608 957146688
1.655770 -2.133390 -1.257420
1.824060 -1.779895 -1.229616
1.921120 -1.408070 -1.117220
957584032
0
0
807327616
957146768 957146928
1.921120 -1.408070 -1.117220
1.967951 -1.106541 -0.987995
1.976500 -0.812282 -0.818544
957583712
0
0
807327616
957148312 957148152
1.976500 -0.812282 -0.818544
1.986670 -0.573460 -0.682205
1.990720 -0.337729 -0.539494
957584112
0
0
807327616
957147272 957147432
1.990720 -0.337729 -0.539494
1.997741 -0.098469 -0.398809
2.004510 0.140729 -0.258007
957584192
0
0
807327616
957148232 957147592
2.004510 0.140729 -0.258007
1.949658 0.408846 -0.056623
2.017380 0.617939 0.023489
957584592
0
0
807327616
957147672 957149272
2.017380 0.617939 0.023489
3.077073 1.222310 -0.342766
3.677286 1.561315 -0.558378
957584672
0
0
807327896
957148472 957148072
1.209200 0.634570 -0.009247
0.355822 1.267075 -0.532744
-0.219022 1.745085 -0.862058
957584352
0
0
807327896
957147352 957148632
-0.219022 1.745085 -0.862058
0.295733 1.702888 -0.384303
1.217720 1.532440 0.417397
957584432
0
0
807327896
957149512 957148792
1.217720 1.532440 0.417397
1.232664 1.636448 0.472670
1.137510 1.832380 0.456921
957584752
0
0
807327896
957147752 957149352
1.137510 1.832380 0.456921
1.065538 1.968579 0.435834
0.968127 2.077870 0.379039
957584912
0
0
807327896
957148712 957149592
0.968127 2.077870 0.379039
0.837689 2.191898 0.292701
0.694160 2.269480 0.183826
957584992
0
0
807327896
957147512 957148952
0.694160 2.269480 0.183826
0.528227 2.340907 0.053813
0.357541 2.376930 -0.085900
957583632
0
0
807327896
957149432 957147912
0.357541 2.376930 -0.085900
0.177105 2.400877 -0.234750
-0.004369 2.390090 -0.383783
957583792
0
0
807327896
957148392 957148872
-0.004369 2.390090 -0.383783
-0.187756 2.365366 -0.533084
-0.368398 2.301990 -0.672000
957583872
0
0
807327896
957149032 957147832
-0.368398 2.301990 -0.672000
-0.544555 2.222731 -0.803003
-0.707719 2.098030 -0.905606
957583952
0
0
807327896
957147992 957149192
-0.707719 2.098030 -0.905606
-0.858559 1.950416 -0.986917
-0.977030 1.763800 -1.018200
957585576
0
0
807327896
957148552 957149112
-0.977030 1.763800 -1.018200
-1.076223 1.551707 -1.016432
-1.131450 1.326810 -0.961239
957587176
0
0
807327896
957149672 957147192
-1.131450 1.326810 -0.961239
-1.164684 1.086635 -0.872772
-1.170820 0.850281 -0.755747
957586776
0
0
807327896
957150392 957150792
-1.170820 0.850281 -0.755747
-1.179128 0.601268 -0.633790
-1.182530 0.354354 -0.506756
957585496
0
0
807327896
957150552 957150872
-1.182530 0.354354 -0.506756
-1.188831 0.106778 -0.382437
-1.195490 -0.140733 -0.258007
957587656
0
0
807327896
957149992 957150072
-1.195490 -0.140733 -0.258007
-1.202183 -0.387726 -0.133761
-1.209200 -0.634574 -0.009248
957585176
0
0
807327896
957150952 957150632
-1.209200 -0.634574 -0.009248
-1.218328 -0.882256 0.118802
-1.224100 -1.131950 0.242605
957586216
0
0
807327896
957150472 957149752
-1.224100 -1.131950 0.242605
-1.230395 -1.329803 0.340949
-1.217720 -1.532440 0.417397
957586456
0
0
807327896
957151032 957149912
-1.217720 -1.532440 0.417397
-1.193297 -1.685474 0.456192
-1.137510 -1.832380 0.456921
957586376
0
0
807327896
957151112 957150152
-1.137510 -1.832380 0.456921
-1.065539 -1.968579 0.435834
-0.968129 -2.077870 0.379038
957585336
0
0
807327896
957150712 957149832
-0.968129 -2.077870 0.379038
-0.837691 -2.191897 0.292699
-0.694162 -2.269480 0.183825
957587256
0
0
807327896
957150232 957150312
-0.694162 -2.269480 0.183825
-0.528229 -2.340913 0.053813
-0.357543 -2.376940 -0.085900
957585736
0
0
807327896
1058409592 1058409672
-0.357543 -2.376940 -0.085900
-0.177107 -2.400882 -0.234750
0.004367 -2.390090 -0.383784
957587416
0
0
807327896
1058409352 1058409912
0.004367 -2.390090 -0.383784
0.187754 -2.365371 -0.533084
0.368396 -2.302000 -0.672000
957586696
0
0
807327896
1058410072 1058410312
0.368396 -2.302000 -0.672000
0.544552 -2.222736 -0.803004
0.707717 -2.098030 -0.905607
957587096
0
0
807327896
1058410392 1058410152
0.707717 -2.098030 -0.905607
0.858557 -1.950421 -0.986918
0.977028 -1.763810 -1.018200
957587336
0
0
807327896
1058410232 1058409992
0.977028 -1.763810 -1.018200
1.076223 -1.551713 -1.016433
1.131450 -1.326810 -0.961240
957585656
0
0
807327896
1058409432 1058409112
1.131450 -1.326810 -0.961240
1.164684 -1.086637 -0.872772
1.170820 -0.850285 -0.755746
957587496
0
0
807327896
1058409512 1058409752
1.170820 -0.850285 -0.755746
1.179128 -0.601272 -0.633788
1.182530 -0.354358 -0.506755
957586616
0
0
807327896
1058409032 1058409192
1.182530 -0.354358 -0.506755
1.188831 -0.106782 -0.382436
1.195490 0.140730 -0.258006
957586856
0
0
807327896
1058409832 1058409272
1.195490 0.140730 -0.258006
1.242981 0.430650 -0.073780
1.209200 0.634570 -0.009247
957585416
0
0
807327952
1058407752 1058408792
-0.476687 0.382924 1.619528
1.313861 0.059664 2.193764
3.419622 0.199135 1.923203
957586936
0
0
807327952
1058407832 1058408872
3.419622 0.199135 1.923203
4.122313 0.853158 0.727139
3.677286 1.561315 -0.558378
957586296
0
0
807327952
1058408952 1058408072
3.677286 1.561315 -0.558378
1.781365 1.929335 -1.213277
-0.219022 1.745085 -0.862058
957587576
0
0
807327952
1058407352 1058407672
-0.219022 1.745085 -0.862058
-0.845155 1.058545 0.392611
-0.476687 0.382924 1.619528
957586536
0
0
807328176
1058406872 1058408472
2.017380 0.617939 0.023489
1.641328 0.674462 -0.081590
1.209200 0.634570 -0.009247
957585816
0
0
807328176
1058408152 1058406792
1.209200 0.634570 -0.009247
1.076833 0.496912 0.243934
1.182530 0.354356 0.506757
957585256
0
0
807328176
1058406472 1058406552
1.182530 0.354356 0.506757
1.581219 0.289236 0.627728
1.990720 0.337725 0.539492
957587016
0
0
807328176
1058407512 1058407912
1.990720 0.337725 0.539492
2.106638 0.481628 0.274766
2.017380 0.617939 0.023489

