Cps
344
957745176
-0.119431 2.094730 0.307129
3
1030083896
1030066312
1030074280
957745272
-0.119431 1.783510 0.299208
4
0
1030066312
0
1030066400
1029877408
-0.061671 1.738930 0.125347
4
0
1030066488
0
1030066400
1029877504
-0.061671 1.624650 0.078926
4
0
1030066488
0
1030066576
1029877600
-0.173753 1.531440 0.219484
5
0
0
1030066664
0
1030066576
1029877696
-0.339068 1.507320 0.072482
4
1030066752
0
0
1030066664
1029877792
-0.370795 1.484530 0.067158
4
1030066752
0
0
1030066840
1029877888
-0.577867 0.882881 -0.074689
4
1030068552
0
0
1030066840
1029877984
-0.598819 0.761547 -0.081923
4
1030068552
0
0
1030067320
1029878080
-0.623614 0.206173 -0.051641
4
1030068112
0
0
1030067320
1029878176
-0.617915 0.110579 -0.060979
4
1030068112
0
0
1030068024
1029878272
-0.529061 -0.037712 -0.136694
4
1030067056
0
0
1030068024
1029878368
-0.505758 -0.062696 -0.155482
3
1030067056
1030068640
0
1029878464
-0.475586 -0.062470 -0.145331
3
1030068640
1030068464
0
1030026624
-0.468716 -0.037260 -0.116392
4
1030068464
0
0
1030068200
1030027008
-0.409042 0.120924 -0.039432
4
0
1030067408
0
1030068200
1030026528
-0.414740 0.216519 -0.030094
4
1030067408
0
0
1030068376
1030026720
-0.420639 0.734104 -0.137700
4
0
1030068288
0
1030068376
1030026048
-0.399686 0.855437 -0.130467
4
1030068288
0
0
1030068728
1030026816
-0.267213 1.338500 0.074908
4
0
1030068816
0
1030068728
1030027488
-0.235486 1.361290 0.080231
4
1030068816
0
0
1030066968
1030026912
-0.173753 1.288991 0.186347
5
0
0
0
1030066968
1030067144
1030027584
-0.181477 1.214650 0.099845
4
0
1030067232
0
1030067144
1030027104
-0.181477 1.006510 0.108499
4
0
1030067232
0
1030067496
1030025664
-0.111046 0.844051 0.098006
4
0
1030067672
0
1030067496
1030025760
-0.111046 0.671994 0.104051
4
0
1030067672
0
1030067584
1030027200
-0.083370 0.578369 0.083370
5
0
0
1030067760
0
1030067584
1030026432
-0.345783 0.475736 0.263665
4
1030067848
0
0
1030067760
1030027296
-0.378512 0.409354 0.270715
4
1030067848
0
0
1030067936
1030026240
-0.319404 -0.347252 0.284466
4
1030072024
0
0
1030067936
1030026336
-0.322240 -0.513828 0.291284
4
1030072024
0
0
1030072552
1030025856
-0.427947 -1.018444 0.236724
4
1030072904
0
0
1030072552
1030025952
-0.426809 -1.184715 0.224297
4
0
1030072904
0
1030072112
1030026144
-0.318533 -1.240481 0.102918
4
1030071848
0
0
1030072112
1030027392
-0.330530 -1.331820 0.157486
4
1030071848
0
0
1030072464
1030030608
-0.296984 -1.394921 0.302659
4
1030072816
0
0
1030072464
1030029168
-0.286525 -1.428241 0.326537
3
1030072816
0
1030072200
1030030320
-0.252603 -1.431406 0.332266
3
1030072288
0
1030072200
1030030224
-0.229138 -1.401230 0.314117
4
1030072288
0
0
1030072992
1030029264
-0.131672 -1.341610 0.184809
4
1030072640
0
0
1030072992
1030027920
-0.119674 -1.250280 0.130243
4
1030072640
0
0
1030071936
1030030128
-0.047530 -1.185413 0.268371
4
1030072376
0
0
1030071936
1030028400
-0.048668 -1.019142 0.280798
4
0
1030072376
0
1030072728
1030029456
-0.155959 -0.516161 0.303420
4
0
1030071056
0
1030072728
1030029840
-0.153123 -0.349585 0.296601
4
1030071056
0
0
1030070440
1030029648
-0.018080 0.232164 0.275536
4
0
1030069648
0
1030070440
1030030416
0.014648 0.298547 0.268486
4
1030069648
0
0
1030070792
1030027728
-0.083370 0.411631 0.083370
4
0
1030071584
0
1030070792
1030029360
0.083370 0.411631 0.083370
4
1030071584
0
0
1030070968
1030029744
0.019988 0.222622 0.258846
4
0
1030069736
0
1030070968
1030027824
0.062968 0.162638 0.250426
4
1030069736
0
0
1030070088
1030028880
0.287099 -0.381506 0.147878
4
0
1030069912
0
1030070088
1030029552
0.317736 -0.524758 0.149778
4
1030069912
0
0
1030071144
1030029072
0.334826 -1.009538 0.321065
4
1030070264
0
0
1030071144
1030029936
0.393833 -1.270414 0.379001
4
0
1030070264
0
1030070880
1030030512
0.469314 -1.330038 0.240293
4
0
1030069824
0
1030070880
1030028016
0.502636 -1.412849 0.299409
4
0
1030069824
0
1030070704
1030030704
0.617535 -1.442219 0.424749
4
0
1030071672
0
1030070704
1030028112
0.647619 -1.465735 0.442984
3
0
1030071672
1030071232
1030028496
0.679813 -1.456400 0.434623
3
0
1030069472
1030071232
1030028976
0.681929 -1.423568 0.408026
4
0
1030069472
0
1030071320
1030030032
0.693497 -1.366217 0.257163
4
0
1030070352
0
1030071320
1030028208
0.660173 -1.283396 0.198046
4
0
1030070352
0
1030069560
1030028304
0.761949 -1.198439 0.307546
4
1030071760
0
0
1030069560
1030028592
0.701276 -0.940280 0.249144
4
0
1030071760
0
1030071408
1030028688
0.477247 -0.510768 0.098605
4
0
1030069032
0
1030071408
1030028784
0.448012 -0.348712 0.124641
4
0
1030069032
0
1030070176
1030031568
0.387350 0.396508 0.254503
4
0
1030070000
0
1030070176
1030031088
0.344369 0.456491 0.262923
4
0
1030070000
0
1030071496
1030031376
0.083370 0.578369 0.083370
5
0
0
1030071496
0
1030069384
1030031280
0.111046 0.671994 0.104051
4
0
1030070616
0
1030069384
1030031184
0.111046 0.844051 0.098006
4
0
1030070616
0
1030069120
1030030800
0.181477 1.006510 0.108499
4
0
1030070528
0
1030069120
1030030896
0.181477 1.214650 0.099845
4
0
1030070528
0
1030069208
1030031472
0.173753 1.288991 0.186347
5
0
0
1030069296
0
1030069208
1030031664
0.235486 1.361290 0.080231
4
0
1030073576
0
1030069296
1030030992
0.267213 1.338500 0.074908
4
1030073576
0
0
1030073840
1030032120
0.399686 0.855437 -0.130467
4
0
1030075072
0
1030073840
1030032216
0.420639 0.734104 -0.137700
4
1030075072
0
0
1030074720
1030032312
0.414740 0.216519 -0.030094
4
0
1030074544
0
1030074720
1030032792
0.409042 0.120924 -0.039432
4
1030074544
0
0
1030075248
1030034424
0.468716 -0.037260 -0.116392
4
0
1030075336
0
1030075248
1030032888
0.475586 -0.062470 -0.145331
3
1030075336
1030075600
0
1030031928
0.505758 -0.062696 -0.155482
3
1030075600
1030074808
0
1030032408
0.529061 -0.037712 -0.136694
4
0
1030074808
0
1030073400
1030034712
0.617915 0.110579 -0.060979
4
0
1030074896
0
1030073400
1030034808
0.623614 0.206173 -0.051641
4
0
1030074896
0
1030073488
1030031832
0.598819 0.761547 -0.081923
4
0
1030074984
0
1030073488
1030033272
0.577867 0.882881 -0.074689
4
0
1030074984
0
1030073664
1030033752
0.370795 1.484530 0.067158
4
0
1030074016
0
1030073664
1030033176
0.339068 1.507320 0.072482
4
0
1030074016
0
1030074104
1030034616
0.173753 1.531440 0.219484
5
0
0
0
1030074104
1030075512
1030032504
0.061671 1.624650 0.078926
4
0
1030075688
0
1030075512
1030033368
0.061671 1.738930 0.125347
4
0
1030075688
0
1030074456
1030032024
0.119431 1.783510 0.299208
4
0
1030074192
0
1030074456
1030033944
0.119431 2.094730 0.307129
3
1030084512
1030074192
1030074280
1030032600
0.056603 1.938071 -0.229422
3
1030073224
1030084776
1030083192
1030034520
0.113205 1.867690 -0.124226
4
0
1030073224
0
1030075160
1030032696
0.119431 1.789270 0.072871
5
0
0
1030075160
0
1030073752
1030032984
0.061671 1.785350 0.011074
4
1030074632
0
0
1030073752
1030033080
0.061671 1.671070 -0.035347
4
0
1030074632
0
1030075776
1030033464
0.173753 1.591010 -0.216345
5
0
0
1030075864
0
1030075776
1030034328
0.314872 1.515070 -0.104908
4
0
1030073136
0
1030075864
1030033560
0.346599 1.492280 -0.110231
4
0
1030073136
0
1030073312
1030033656
0.612677 0.895902 -0.192298
4
0
1030073928
0
1030073312
1030033848
0.633629 0.774570 -0.199531
4
0
1030073928
0
1030075424
1030034040
0.614276 0.216034 -0.146896
4
0
1030074368
0
1030075424
1030034136
0.608578 0.120440 -0.156234
4
0
1030074368
0
1030076128
1030034232
0.509954 -0.017409 -0.193936
4
0
1030076656
0
1030076128
1030035576
0.496205 -0.052544 -0.184103
3
1030076744
1030076656
0
1030035288
0.466033 -0.052319 -0.173952
3
1030076744
1030076480
0
1030035480
0.449610 -0.016958 -0.173633
4
1030076480
0
0
1030076568
1030034904
0.399704 0.130786 -0.134687
4
0
1030077008
0
1030076568
1030035096
0.405402 0.226380 -0.125349
4
1030077008
0
0
1030076216
1030035384
0.455449 0.747126 -0.255309
4
0
1030077096
0
1030076216
1030035768
0.434497 0.868459 -0.248075
4
1030077096
0
0
1030076040
1030035000
0.243016 1.346250 -0.102482
4
0
1030076304
0
1030076040
1030035192
0.211289 1.369040 -0.097158
4
1030076304
0
0
1030076392
1030035672
0.173753 1.348560 -0.249484
5
0
0
1030076392
0
1030076832
1030036800
0.181477 1.203489 -0.168498
4
1030075952
0
0
1030076832
1030038432
0.181477 0.995351 -0.159844
4
0
1030075952
0
1030076920
1030038528
0.111046 0.838006 -0.074051
4
1030081112
0
0
1030076920
1030035936
0.111046 0.665949 -0.068006
4
0
1030081112
0
1030080760
1030038720
0.083370 0.578369 -0.083370
5
0
0
1030081024
0
1030080760
1030038816
0.313540 0.508855 -0.262789
4
0
1030080584
0
1030081024
1030036704
0.356519 0.448871 -0.271209
4
0
1030080584
0
1030081200
1030037088
0.420257 -0.327393 -0.037501
4
0
1030080320
0
1030081200
1030038048
0.469406 -0.561260 -0.025502
4
0
1030080320
0
1030080672
1030037952
0.662075 -1.048025 -0.054328
4
0
1030080848
0
1030080672
1030037760
0.701337 -1.206313 -0.012646
4
0
1030080848
0
1030080056
1030037856
0.656483 -1.346542 0.111663
4
1030080408
0
0
1030080056
1030038144
0.689807 -1.429363 0.170779
4
0
1030080408
0
1030080144
1030036416
0.691888 -1.484950 0.377905
4
1030080496
0
0
1030080144
1030038624
0.684794 -1.487096 0.419562
3
0
1030080496
1030080232
1030037184
0.652597 -1.496421 0.427924
3
1030080936
0
1030080232
1030038240
0.627494 -1.503600 0.394628
4
0
1030080936
0
1030077944
1030037664
0.498948 -1.476004 0.213026
4
1030077240
0
0
1030077944
1030036992
0.465624 -1.393184 0.153910
4
0
1030077240
0
1030079616
1030036032
0.333221 -1.278288 0.058809
4
0
1030077768
0
1030079616
1030038912
0.295625 -1.117283 0.017593
4
0
1030077768
0
1030078032
1030036608
0.309300 -0.596145 0.000143
4
0
1030079352
0
1030078032
1030038336
0.259344 -0.360187 -0.014264
4
1030079352
0
0
1030079264
1030036128
0.032138 0.215002 -0.275286
4
0
1030077416
0
1030079264
1030036224
-0.010841 0.274985 -0.266867
4
1030077416
0
0
1030078472
1030036320
0.083370 0.411631 -0.083370
4
0
1030079792
0
1030078472
1030036512
-0.083370 0.411631 -0.083370
4
1030079792
0
0
1030078384
1030036896
-0.001906 0.250466 -0.261078
4
0
1030078120
0
1030078384
1030037280
-0.034634 0.184084 -0.254028
4
1030078120
0
0
1030079440
1030037376
-0.141096 -0.356591 0.130445
4
0
1030078208
0
1030079440
1030037472
-0.143931 -0.523167 0.137263
4
1030078208
0
0
1030078560
1030037568
-0.011103 -0.994755 -0.042086
4
1030078296
0
0
1030078560
1030039392
-0.009965 -1.161031 -0.054512
4
1030078296
0
0
1030079000
1030039776
-0.109916 -1.305904 0.039281
4
1030079880
0
0
1030079000
1030039872
-0.121914 -1.397243 0.093848
4
0
1030079880
0
1030077680
1030039488
-0.228988 -1.461368 0.280097
4
1030078736
0
0
1030077680
1030039104
-0.252528 -1.461470 0.315255
3
0
1030078736
1030079968
1030039584
-0.286450 -1.458316 0.309527
3
1030078912
0
1030079968
1030039680
-0.296834 -1.455060 0.268638
4
0
1030078912
0
1030077328
1030039008
-0.320772 -1.387444 0.066523
4
1030077592
0
0
1030077328
1030039296
-0.308775 -1.296104 0.011956
4
0
1030077592
0
1030078824
1030039200
-0.389244 -1.160333 -0.098586
4
1030077504
0
0
1030078824
1030040232
-0.390382 -0.994057 -0.086159
4
1030077504
0
0
1030079704
1030040136
-0.310212 -0.520833 0.125128
4
1030077856
0
0
1030079704
1030042728
-0.307377 -0.354258 0.118310
4
1030077856
0
0
1030079528
1030040616
-0.395066 0.361273 -0.258849
4
1030078648
0
0
1030079528
1030040040
-0.362338 0.427656 -0.265899
4
1030078648
0
0
1030079176
1030042824
-0.083370 0.578369 -0.083370
5
0
0
1030079176
0
1030079088
1030042920
-0.111046 0.665949 -0.068006
4
1030081960
0
0
1030079088
1030042536
-0.111046 0.838006 -0.074051
4
0
1030081960
0
1030082048
1030040808
-0.181477 0.995351 -0.159844
4
1030082752
0
0
1030082048
1030042632
-0.181477 1.203489 -0.168498
4
0
1030082752
0
1030082224
1030040904
-0.173753 1.348560 -0.249484
5
0
0
1030082840
0
1030082224
1030042248
-0.211289 1.369040 -0.097158
4
0
1030081520
0
1030082840
1030041384
-0.243016 1.346250 -0.102482
4
1030081520
0
0
1030083632
1030041288
-0.434497 0.868460 -0.248074
4
0
1030081608
0
1030083632
1030042344
-0.455449 0.747126 -0.255309
4
1030081608
0
0
1030081432
1030041480
-0.405402 0.226380 -0.125349
4
0
1030082136
0
1030081432
1030041960
-0.399704 0.130786 -0.134687
4
1030082136
0
0
1030081784
1030040328
-0.449610 -0.016958 -0.173633
4
0
1030082664
0
1030081784
1030040712
-0.466033 -0.052319 -0.173952
3
1030082664
1030081696
0
1030041000
-0.496205 -0.052544 -0.184103
3
1030084072
1030081696
0
1030043016
-0.509954 -0.017409 -0.193936
4
1030084072
0
0
1030081872
1030040424
-0.608578 0.120440 -0.156234
4
1030082312
0
0
1030081872
1030042440
-0.614276 0.216035 -0.146896
4
1030082312
0
0
1030082400
1030042152
-0.633629 0.774570 -0.199531
4
1030083720
0
0
1030082400
1030040520
-0.612677 0.895903 -0.192298
4
1030083720
0
0
1030083808
1030041096
-0.346599 1.492280 -0.110231
4
1030082488
0
0
1030083808
1030041192
-0.314872 1.515070 -0.104908
4
1030082488
0
0
1030082928
1030041576
-0.173753 1.591010 -0.216345
5
0
0
1030082928
0
1030083016
1030041672
-0.061671 1.671070 -0.035347
4
1030082576
0
0
1030083016
1030041768
-0.061671 1.785350 0.011074
4
0
1030082576
0
1030083280
1030041864
-0.119431 1.789270 0.072871
5
0
0
0
1030083104
1030083280
1030042056
-0.113205 1.867690 -0.124226
4
1030083456
0
0
1030083104
1030043208
-0.056603 1.938071 -0.229422
3
1030083984
1030083456
1030083192
957745176
-0.119431 2.094730 0.307129
3
1030083896
1030066312
1030074280
1030043304
-0.119431 2.100490 0.080792
4
1030083896
0
0
1030083544
1030043688
-0.113205 2.092311 -0.095775
4
0
1030083368
0
1030083544
1030043784
-0.056603 2.050381 -0.215196
3
1030083984
1030083368
0
1030043208
-0.056603 1.938071 -0.229422
3
1030083984
1030083456
1030083192
1030033944
0.119431 2.094730 0.307129
3
1030084512
1030074192
1030074280
1030043112
0.119431 2.100490 0.080792
4
0
1030084512
0
1030084864
1030043976
0.113205 2.092311 -0.095775
4
0
1030085216
0
1030084864
1030043592
0.056603 2.050381 -0.215196
3
1030084776
1030085216
0
1030032600
0.056603 1.938071 -0.229422
3
1030073224
1030084776
1030083192
1030046256
-0.649957 0.205530 -0.030156
3
1030096912
1030085040
1030096648
1030045584
-0.614663 0.763195 -0.051885
4
1030085128
0
0
1030085040
1030046832
-0.594083 0.882704 -0.044806
4
1030085128
0
0
1030085304
1030045392
-0.393993 1.496500 0.088945
4
1030084688
0
0
1030085304
1030045200
-0.357986 1.525220 0.094335
4
1030084688
0
0
1030084160
1030044432
-0.186873 1.552900 0.242356
5
0
0
1030084160
0
1030084248
1030046640
-0.144188 1.540450 0.170554
4
0
1030084336
1030084248
0
1030045776
-0.101503 1.640200 0.127108
3
1030084336
0
0
1030046352
0.649957 0.205529 -0.030156
3
1030093920
1030084600
1030096824
1030044528
0.614663 0.763195 -0.051885
4
0
1030086152
0
1030084600
1030044336
0.594083 0.882704 -0.044806
4
0
1030086152
0
1030085712
1030046448
0.393993 1.496500 0.088945
4
0
1030086680
0
1030085712
1030046544
0.357986 1.525220 0.094335
4
0
1030086680
0
1030087736
1030045680
0.186873 1.552900 0.242356
5
0
0
0
1030087736
1030086064
1030045104
0.144188 1.540450 0.170554
4
1030086944
0
1030086064
0
1030044624
0.101503 1.640200 0.127108
3
1030086944
0
0
1030045296
-0.448116 -1.207191 0.238321
3
0
1030087384
1030093656
1030044912
-0.454424 -1.017738 0.258043
4
1030087384
0
0
1030088000
1030046928
-0.347867 -0.511688 0.313526
4
1030085800
0
0
1030088000
1030045008
-0.345093 -0.347378 0.306739
4
1030085800
0
0
1030086592
1030044720
-0.401250 0.415105 0.295331
4
1030085624
0
0
1030086592
1030045488
-0.357998 0.500046 0.284057
4
1030085624
0
0
1030088176
1030046736
-0.091976 0.583274 0.115894
5
0
0
1030088176
0
1030087560
1030044240
-0.134593 0.666390 0.127929
4
0
1030087120
0
1030087560
1030047024
-0.134231 0.838877 0.122331
4
0
1030087120
0
1030087648
1030045872
-0.204655 1.001411 0.132846
4
0
1030088088
0
1030087648
1030047120
-0.206999 1.206860 0.120917
4
0
1030088088
0
1030086856
1030044144
-0.197700 1.274051 0.205305
5
0
0
0
1030085448
1030086856
1030046064
-0.248950 1.332900 0.093215
4
1030086328
0
0
1030085448
1030044816
-0.254837 1.320280 0.100808
4
0
1030086328
0
1030087032
1030046160
-0.370838 0.845555 -0.115429
4
1030085888
0
0
1030087032
1030047408
-0.390468 0.732853 -0.122075
4
0
1030085888
0
1030086416
1030047696
-0.393198 0.218698 -0.003880
3
1030096912
1030086416
1030097264
1030047792
0.765948 -1.104838 0.317774
3
1030087208
1030095240
1030095152
1030047888
0.726479 -0.925694 0.266374
4
0
1030087208
0
1030086240
1030047984
0.504251 -0.508366 0.118825
4
0
1030085976
0
1030086240
1030047216
0.475429 -0.348498 0.144446
4
0
1030085976
0
1030085536
1030048080
0.411215 0.401484 0.277945
4
0
1030087296
0
1030085536
1030047312
0.354645 0.478413 0.286625
4
0
1030087296
0
1030087472
1030047504
0.091976 0.583274 0.115894
5
0
0
1030087472
0
1030087912
1030047600
0.134593 0.666390 0.127929
4
0
1030087824
0
1030087912
1030050456
0.134231 0.838877 0.122331
4
0
1030087824
0
1030089408
1030049112
0.204655 1.001411 0.132846
4
0
1030088704
0
1030089408
1030048440
0.206999 1.206860 0.120917
4
0
1030088704
0
1030088528
1030049400
0.197700 1.274051 0.205305
5
0
0
1030089144
0
1030088528
1030050552
0.248950 1.332900 0.093215
4
0
1030088968
0
1030089144
1030048344
0.254837 1.320280 0.100808
4
1030088968
0
0
1030088616
1030051128
0.370838 0.845555 -0.115429
4
0
1030088792
0
1030088616
1030049688
0.390468 0.732853 -0.122075
4
1030088792
0
0
1030088880
1030050840
0.393198 0.218698 -0.003880
3
0
1030088880
1030093920
1030050744
-0.029396 -1.206702 0.287708
3
1030088440
1030096120
1030093656
1030049784
-0.027773 -1.018473 0.307612
4
0
1030088440
0
1030089320
1030048536
-0.133836 -0.514066 0.329154
4
0
1030089232
0
1030089320
1030050648
-0.131121 -0.351296 0.322465
4
1030089232
0
0
1030088264
1030048920
0.004959 0.225615 0.299668
4
0
1030088352
0
1030088264
1030049976
0.041318 0.312905 0.283933
4
1030088352
0
0
1030092104
1030050360
-0.085653 0.406618 0.116920
4
0
1030090608
0
1030092104
1030050168
0.064582 0.368238 0.121522
4
1030090608
0
0
1030090168
1030050936
-0.006711 0.229178 0.278578
4
0
1030091664
0
1030090168
1030048248
0.043944 0.147991 0.274272
4
1030091664
0
0
1030091312
1030049880
0.268518 -0.391605 0.174279
4
0
1030089640
0
1030091312
1030050264
0.297034 -0.549973 0.148866
4
1030089640
0
0
1030090520
1030048632
0.314248 -1.003561 0.347249
4
1030092192
0
0
1030090520
1030049496
0.361082 -1.179892 0.397387
3
1030093832
1030092192
1030095152
1030050072
0.635770 0.215065 -0.173222
3
1030097088
1030092016
1030096824
1030049016
0.663648 0.776309 -0.215401
4
0
1030090872
0
1030092016
1030051032
0.641147 0.906093 -0.207841
4
0
1030090872
0
1030091048
1030051224
0.361100 1.508680 -0.136245
4
0
1030090696
0
1030091048
1030048728
0.332276 1.532250 -0.128529
4
0
1030090696
0
1030091840
1030048824
0.189148 1.615970 -0.233552
5
1030090080
0
1030091840
0
0
1030049208
-0.189148 1.615970 -0.233552
5
1030090080
0
1030091400
0
0
1030049304
-0.332276 1.532250 -0.128529
4
1030091136
0
0
1030091400
1030049592
-0.361100 1.508680 -0.136245
4
1030091136
0
0
1030089728
1030051704
-0.641147 0.906093 -0.207841
4
1030091928
0
0
1030089728
1030051512
-0.663648 0.776309 -0.215401
4
1030091928
0
0
1030091752
1030052184
-0.635770 0.215066 -0.173222
3
1030097176
1030091752
1030096648
1030051416
0.378822 0.226905 -0.146544
3
1030097088
1030090256
1030096736
1030051800
0.439575 0.743745 -0.285185
4
0
1030092280
0
1030090256
1030051320
0.418113 0.869085 -0.277861
4
1030092280
0
0
1030091224
1030051608
0.219685 1.334090 -0.124016
4
0
1030089552
0
1030091224
1030051992
0.224474 1.342700 -0.114133
4
1030089552
0
0
1030091576
1030052088
0.199275 1.339770 -0.270159
5
0
0
1030091576
0
1030089816
1030051896
0.205909 1.197659 -0.191412
4
1030089992
0
0
1030089816
1030055656
0.204536 0.984264 -0.182235
4
0
1030089992
0
1030090344
1030054888
0.134101 0.826982 -0.096478
4
1030090432
0
0
1030090344
1030055560
0.134918 0.663928 -0.092132
4
0
1030090432
0
1030090784
1030055848
0.093444 0.586783 -0.114734
5
0
0
1030090960
0
1030090784
1030056712
0.320638 0.536199 -0.281568
4
0
1030093424
0
1030090960
1030056136
0.379956 0.454619 -0.294904
4
0
1030093424
0
1030092984
1030056328
0.440817 -0.326671 -0.064347
4
0
1030092368
0
1030092984
1030056424
0.489311 -0.559477 -0.052785
4
0
1030092368
0
1030093072
1030055368
0.680625 -1.045575 -0.082500
4
0
1030092632
0
1030093072
1030057000
0.722859 -1.219401 -0.024539
3
0
1030092632
1030094624
1030055944
-0.378822 0.226905 -0.146544
3
0
1030093512
1030097176
1030055464
-0.439575 0.743745 -0.285185
4
1030092720
0
0
1030093512
1030056232
-0.418113 0.869086 -0.277860
4
0
1030092720
0
1030092456
1030056040
-0.219685 1.334090 -0.124016
4
1030093248
0
0
1030092456
1030057096
-0.224474 1.342700 -0.114133
4
0
1030093248
0
1030092544
1030057288
-0.199275 1.339770 -0.270159
5
0
0
1030092544
0
1030093336
1030056520
-0.205909 1.197659 -0.191412
4
0
1030092808
0
1030093336
1030054984
-0.204536 0.984264 -0.182235
4
1030092808
0
0
1030092896
1030056616
-0.134101 0.826982 -0.096478
4
0
1030095328
0
1030092896
1030055752
-0.134918 0.663928 -0.092132
4
1030095328
0
0
1030094008
1030055080
-0.093444 0.586783 -0.114734
5
0
0
1030096296
0
1030094008
1030054600
-0.375418 0.449341 -0.288586
4
1030095680
0
0
1030096296
1030056808
-0.420919 0.358553 -0.280762
4
1030095680
0
0
1030095064
1030057384
-0.329750 -0.362022 0.093914
4
1030094272
0
0
1030095064
1030056904
-0.332299 -0.513961 0.100210
4
1030094272
0
0
1030095416
1030054792
-0.411371 -0.985932 -0.111644
4
1030096208
0
0
1030095416
1030055272
-0.408425 -1.173687 -0.123278
3
1030096208
1030094800
1030093744
1030057192
0.313887 -1.296057 0.055410
3
1030093832
1030094360
1030094624
1030054408
0.268514 -1.123389 -0.001681
4
0
1030094360
0
1030094712
1030055176
0.283339 -0.603812 -0.020133
4
0
1030094536
0
1030094712
1030054504
0.233652 -0.370111 -0.033899
4
1030094536
0
0
1030095768
1030054696
0.012758 0.200443 -0.298897
4
0
1030094888
0
1030095768
1030057480
-0.040105 0.282858 -0.281943
4
1030094888
0
0
1030095504
1030057672
0.053832 0.397007 -0.082684
4
0
1030094448
0
1030095504
1030058248
-0.053359 0.400797 -0.095117
4
1030094448
0
0
1030095856
1030057576
0.024555 0.259639 -0.280358
4
0
1030096384
0
1030095856
1030057768
-0.014688 0.168327 -0.276608
4
1030096384
0
0
1030095944
1030058152
-0.115426 -0.366102 0.110279
4
0
1030094096
0
1030095944
1030058344
-0.118534 -0.516350 0.115710
4
1030094096
0
0
1030096032
1030057864
0.015146 -0.986627 -0.062109
4
1030094976
0
0
1030096032
1030058056
0.014695 -1.173776 -0.074146
3
1030094976
1030096120
1030093744
1030045296
-0.448116 -1.207191 0.238321
3
0
1030087384
1030093656
1030050744
-0.029396 -1.206702 0.287708
3
1030088440
1030096120
1030093656
1030058056
0.014695 -1.173776 -0.074146
3
1030094976
1030096120
1030093744
1030055272
-0.408425 -1.173687 -0.123278
3
1030096208
1030094800
1030093744
1030057000
0.722859 -1.219401 -0.024539
3
0
1030092632
1030094624
1030057192
0.313887 -1.296057 0.055410
3
1030093832
1030094360
1030094624
1030049496
0.361082 -1.179892 0.397387
3
1030093832
1030092192
1030095152
1030047792
0.765948 -1.104838 0.317774
3
1030087208
1030095240
1030095152
1030050840
0.393198 0.218698 -0.003880
3
0
1030088880
1030093920
1030046352
0.649957 0.205529 -0.030156
3
1030093920
1030084600
1030096824
1030050072
0.635770 0.215065 -0.173222
3
1030097088
1030092016
1030096824
1030051416
0.378822 0.226905 -0.146544
3
1030097088
1030090256
1030096736
1030055944
-0.378822 0.226905 -0.146544
3
0
1030093512
1030097176
1030052184
-0.635770 0.215066 -0.173222
3
1030097176
1030091752
1030096648
1030046256
-0.649957 0.205530 -0.030156
3
1030096912
1030085040
1030096648
1030047696
-0.393198 0.218698 -0.003880
3
1030096912
1030086416
1030097264

