Curves
17
1029856592
96
957412032
0.500000
1029874392
0.700000
1029874488
0.700000
1029874584
0.700000
1029874680
0.700000
1029874776
0.700000
1029874872
0.700000
1029874968
0.700000
1029875064
0.700000
1029875160
0.700000
1029999704
0.700000
1029998552
0.700000
1029998648
0.700000
1029999896
0.700000
1029999512
0.700000
1029999416
0.700000
1030000280
0.700000
1029999608
0.700000
1029999800
0.700000
1030000376
0.700000
1029999224
0.700000
1029998744
0.700000
1029998456
0.700000
1029999128
0.700000
1029999320
0.700000
1029999992
0.700000
1030000088
0.700000
1030000184
0.700000
1029998840
0.700000
1029998936
0.700000
1029999032
0.700000
1030000808
0.700000
1030002056
0.700000
1030002440
0.700000
1030001864
0.700000
1030000712
0.700000
1030002152
0.700000
1030002632
0.700000
1030002824
0.700000
1030002248
0.700000
1030000616
0.700000
1030001384
0.700000
1030002728
0.700000
1030002920
0.700000
1030003496
0.700000
1030003016
0.700000
1030000520
0.700000
1030003112
0.700000
1030002344
0.700000
1030001576
0.700000
1030000904
0.700000
1030002536
0.700000
1030003400
0.700000
1030001096
0.700000
1030003208
0.700000
1030003304
0.700000
1030001000
0.700000
1030001192
0.700000
1030001288
0.700000
1030001480
0.700000
1030001672
0.700000
1030001768
0.700000
1030001960
0.700000
1030004264
0.700000
1030003688
0.700000
1030003592
0.700000
1030003784
0.700000
1030004168
0.700000
1030003976
0.700000
1030004360
0.700000
1030004456
0.700000
1030004072
0.700000
1030003880
0.700000
1030005392
0.700000
1030006832
0.700000
1030006928
0.700000
1030006160
0.700000
1030006544
0.700000
1030007504
0.700000
1030005488
0.700000
1030005584
0.700000
1030005296
0.700000
1030005680
0.700000
1030004624
0.700000
1030006352
0.700000
1030005776
0.700000
1030004720
0.700000
1030007024
0.700000
1030006448
0.700000
1030004816
0.700000
1030005872
0.700000
1030006640
0.700000
1030005008
0.700000
1030006064
0.700000
1030006736
0.700000
1030006256
0.700000
96
1030036560
1030036648
1030036736
1030036824
1030036912
1030037000
1030037088
1030037176
1030037264
1030037352
1030037440
1030037656
1030039416
1030037832
1030038272
1030038184
1030037568
1030038976
1030039064
1030037744
1030038360
1030037920
1030038448
1030038536
1030038624
1030038096
1030038008
1030038712
1030038800
1030038888
1030039152
1030039240
1030039328
1030042888
1030043504
1030043416
1030043592
1030042624
1030042536
1030042800
1030043328
1030042448
1030042712
1030042976
1030043064
1030043152
1030043240
1030040952
1030042360
1030041568
1030040864
1030041656
1030041040
1030041304
1030041744
1030041832
1030040424
1030040336
1030041392
1030039632
1030041920
1030039808
1030042008
1030039896
1030040512
1030042096
1030040600
1030041128
1030040688
1030039720
1030041480
1030040776
1030039984
1030040072
1030040160
1030040248
1030042184
1030041216
1030042272
1030044352
1030044440
1030043736
1030046464
1030043824
1030043912
1030044528
1030045584
1030046376
1030045848
1030044880
1030044616
1030044264
1030044000
1030044088
1030044968
1030044176
0
957412216
1029855920
98
1030005968
0.500000
1030004912
0.700000
1030007216
0.700000
1030007120
0.700000
1030007312
0.700000
1030007408
0.700000
1030007600
0.700000
1030005104
0.700000
1030005200
0.700000
1030007888
0.700000
1030008080
0.700000
1030008560
0.700000
1030007984
0.700000
1030008464
0.700000
1030008272
0.700000
1030007696
0.700000
1030007792
0.700000
1030008368
0.700000
1030008176
0.700000
1030010072
0.700000
1030010168
0.700000
1030011032
0.700000
1030011416
0.700000
1030011704
0.700000
1030011512
0.700000
1030008920
0.700000
1030009112
0.700000
1030008728
0.700000
1030010840
0.700000
1030010936
0.700000
1030010264
0.700000
1030009784
0.700000
1030010648
0.700000
1030010744
0.700000
1030010360
0.700000
1030010456
0.700000
1030009016
0.700000
1030008824
0.700000
1030009208
0.700000
1030010552
0.700000
1030011128
0.700000
1030009496
0.700000
1030009976
0.700000
1030009880
0.700000
1030009304
0.700000
1030009400
0.700000
1030009592
0.700000
1030009688
0.700000
1030011224
0.700000
1030011320
0.700000
1030011608
0.700000
1030012376
0.700000
1030012664
0.700000
1030011992
0.700000
1030012088
0.700000
1030012184
0.700000
1030012280
0.700000
1030011800
0.700000
1030012472
0.700000
1030012568
0.700000
1030011896
0.700000
1030014944
0.700000
1030014752
0.700000
1030013792
0.700000
1030015232
0.700000
1030015328
0.700000
1030013024
0.700000
1030014080
0.700000
1030015808
0.700000
1030014560
0.700000
1030014656
0.700000
1030013408
0.700000
1030014176
0.700000
1030013600
0.700000
1030013888
0.700000
1030014848
0.700000
1030015712
0.700000
1030015040
0.700000
1030014272
0.700000
1030014368
0.700000
1030013504
0.700000
1030013216
0.700000
1030015136
0.700000
1030015424
0.700000
1030015520
0.700000
1030013312
0.700000
1030013696
0.700000
1030013984
0.700000
1030015616
0.700000
1030014464
0.700000
1030012832
0.700000
1030012928
0.700000
1030013120
0.700000
1030016768
0.700000
1030015904
0.700000
1030016096
0.700000
1030016000
0.700000
1030016192
0.700000
98
1030045320
1030044704
1030045936
1030045144
1030044792
1030045056
1030045232
1030045408
1030045496
1030045672
1030045760
1030046024
1030046288
1030046112
1030046200
1030046992
1030046640
1030047344
1030047168
1030047432
1030047256
1030046816
1030047080
1030047520
1030046728
1030047608
1030047696
1030046552
1030046904
1030048016
1030050568
1030049336
1030048192
1030047928
1030048104
1030048632
1030049864
1030049952
1030049776
1030048368
1030048808
1030048280
1030050216
1030050480
1030049424
1030049512
1030048456
1030050128
1030047840
1030048544
1030049600
1030049160
1030049248
1030049688
1030048896
1030050040
1030048720
1030048984
1030049072
1030050304
1030050392
1030051360
1030051184
1030050832
1030051272
1030051008
1030051096
1030050920
1030051448
1030051536
1030051624
1030050744
1030051712
1030051800
1030050656
1030054760
1030055904
1030054848
1030055728
1030054936
1030055200
1030055024
1030055112
1030055288
1030055376
1030055464
1030055552
1030055640
1030055816
1030053088
1030053176
1030053000
1030053264
1030052120
1030052736
1030052560
1030053968
1030051944
0
957412216
1029854968
5
957412032
0.500000
1030016288
0.700000
1030016384
0.700000
1030016480
0.700000
1030016192
0.700000
5
1030054672
1030052648
1030054320
1030054056
1030052824
1
957412216
1029856144
5
1030006256
0.500000
1030018856
0.700000
1030019432
0.700000
1030019048
0.700000
1030005968
0.700000
5
1030054144
1030052912
1030053352
1030052384
1030053704
1
957412216
1029855584
8
1030017992
0.500000
1030018088
0.700000
1030018952
0.700000
1030017224
0.700000
1030017320
0.700000
1030019144
0.700000
1030018568
0.700000
1030018472
0.700000
8
1030053440
1030054584
1030052296
1030053528
1030052472
1030053616
1030053792
1030053880
1
958067368
1029855976
8
1030019720
0.500000
1030018376
0.700000
1030018664
0.700000
1030019816
0.700000
1030018184
0.700000
1030017512
0.700000
1030019912
0.700000
1030017416
0.700000
8
1030054232
1030054408
1030052032
1030052208
1030054496
1030057720
1030057984
1030056048
1
958067368
1029856200
17
1030017608
0.500000
1030018760
0.700000
1030017704
0.700000
1030019240
0.700000
1030016936
0.700000
1030019336
0.700000
1030017032
0.700000
1030018280
0.700000
1030019528
0.700000
1030019624
0.700000
1030017128
0.700000
1030020680
0.700000
1030020776
0.700000
1030020584
0.700000
1030020872
0.700000
1030020008
0.700000
1030020200
0.700000
17
1030056136
1030057104
1030057368
1030058072
1030057896
1030057808
1030056840
1030056928
1030057192
1030058248
1030058160
1030058336
1030056400
1030056224
1030057456
1030057280
1030058424
1
958067368
1029855248
17
1030020104
0.500000
1030020296
0.700000
1030020392
0.700000
1030020488
0.700000
1030023920
0.700000
1030022672
0.700000
1030023152
0.700000
1030022864
0.700000
1030022096
0.700000
1030021328
0.700000
1030022288
0.700000
1030021616
0.700000
1030024016
0.700000
1030021520
0.700000
1030021712
0.700000
1030022576
0.700000
1030021808
0.700000
17
1030058776
1030057544
1030057632
1030058512
1030058600
1030056312
1030056576
1030058688
1030056488
1030056664
1030056752
1030057016
1030059568
1030059744
1030059832
1030059920
1030060008
1
958067368
1029855192
14
1030022960
0.500000
1030021040
0.700000
1030023344
0.700000
1030021136
0.700000
1030022384
0.700000
1030023056
0.700000
1030023248
0.700000
1030021904
0.700000
1030023440
0.700000
1030023536
0.700000
1030023632
0.700000
1030023728
0.700000
1030021232
0.700000
1030021424
0.700000
14
1030058864
1030059656
1030059216
1030059480
1030058952
1030059304
1030059040
1030059128
1030059392
1030061384
1030061472
1030060592
1030062088
1030061120
1
958067368
1029854856
12
1030022000
0.500000
1030023824
0.700000
1030022192
0.700000
1030022480
0.700000
1030022768
0.700000
1030024592
0.700000
1030024880
0.700000
1030024112
0.700000
1030024688
0.700000
1030024784
0.700000
1030024976
0.700000
1030024208
0.700000
12
1030061912
1030062176
1030060240
1030060680
1030062792
1030060768
1030060856
1030060944
1030060328
1030062440
1030062528
1030061560
1
958067368
1029856312
17
1030024400
0.500000
1030024304
0.700000
1030024496
0.700000
1030030560
0.700000
1030030368
0.700000
1030030848
0.700000
1030030944
0.700000
1030030752
0.700000
1030030656
0.700000
1030030272
0.700000
1030030464
0.700000
1030031040
0.700000
1030031136
0.700000
1030029216
0.700000
1030027968
0.700000
1030028448
0.700000
1030028352
0.700000
17
1030061736
1030061648
1030062000
1030062264
1030060416
1030061296
1030062616
1030062704
1030062880
1030061032
1030060504
1030061208
1030062352
1030060152
1030061824
1030063936
1030063584
1
958067368
1029855360
17
1030027392
0.500000
1030027872
0.700000
1030027200
0.700000
1030028064
0.700000
1030029408
0.700000
1030029504
0.700000
1030028736
0.700000
1030029120
0.700000
1030030080
0.700000
1030028160
0.700000
1030028256
0.700000
1030028544
0.700000
1030028640
0.700000
1030027296
0.700000
1030028928
0.700000
1030028832
0.700000
1030027488
0.700000
17
1030063496
1030064024
1030063672
1030064112
1030063760
1030063848
1030062968
1030063056
1030063144
1030063232
1030063320
1030063408
1030068040
1030067248
1030067952
1030067424
1030067512
1
958067368
1029855528
14
1030029024
0.500000
1030029312
0.700000
1030029600
0.700000
1030029696
0.700000
1030029792
0.700000
1030027584
0.700000
1030029888
0.700000
1030029984
0.700000
1030030176
0.700000
1030027680
0.700000
1030027776
0.700000
1030033128
0.700000
1030033032
0.700000
1030033224
0.700000
14
1030067160
1030067600
1030068128
1030067688
1030067776
1030067864
1030067072
1030068216
1030067336
1030064520
1030064608
1030064696
1030064784
1030066280
1
958067368
1029855472
4
1030017608
0.500000
1030022960
0.700000
1030033224
0.700000
1030027488
0.700000
4
1030065136
1030065752
1030064432
1030064872
0
958067368
1029855024
4
1030028352
0.500000
1030029024
0.700000
1030021424
0.700000
1030020104
0.700000
4
1030064960
1030064256
1030066984
1030064344
0
958067368
1029855080
4
1030021808
0.500000
1030019720
0.700000
1030022000
0.700000
1030024400
0.700000
4
1030065048
1030065224
1030066104
1030066896
0
958067368
1029855640
4
1030027392
0.500000
1030024208
0.700000
1030017992
0.700000
1030020200
0.700000
4
1030066368
1030065400
1030065312
1030065488
0
958067368

