Segments
344
1030066312
-1
0
815781984
1030097352 1030097440
-0.119431 2.094730 0.307129
-0.142621 1.955886 0.322421
-0.119431 1.783510 0.299208
1030066400
-1
0
815781984
1030096560 1030096472
-0.119431 1.783510 0.299208
-0.092849 1.754540 0.223582
-0.061671 1.738930 0.125347
1030066488
-1
0
815781984
1030097000 1030097528
-0.061671 1.738930 0.125347
-0.050249 1.684541 0.080655
-0.061671 1.624650 0.078926
1030066576
-1
0
815781984
1030097616 1031165448
-0.061671 1.624650 0.078926
-0.106773 1.565262 0.159980
-0.173753 1.531440 0.219484
1030066664
-1
0
815781984
1031163688 1031164128
-0.173753 1.531440 0.219484
-0.252534 1.515604 0.168038
-0.339068 1.507320 0.072482
1030066752
-1
0
815781984
1031165536 1031164040
-0.339068 1.507320 0.072482
-0.357738 1.500921 0.067277
-0.370795 1.484530 0.067158
1030066840
-1
0
815781984
1031165096 1031165272
-0.370795 1.484530 0.067158
-0.480182 1.187053 -0.006113
-0.577867 0.882881 -0.074689
1030068552
-1
0
815781984
1031163864 1031166064
-0.577867 0.882881 -0.074689
-0.593240 0.823562 -0.083188
-0.598819 0.761547 -0.081923
1030067320
-1
0
815781984
1031164920 1031164656
-0.598819 0.761547 -0.081923
-0.614921 0.484047 -0.066605
-0.623614 0.206173 -0.051641
1030068112
-1
0
815781984
1031165360 1031163952
-0.623614 0.206173 -0.051641
-0.626844 0.156001 -0.050744
-0.617915 0.110579 -0.060979
1030068024
-1
0
815781984
1031166240 1031165624
-0.617915 0.110579 -0.060979
-0.578795 0.033297 -0.094989
-0.529061 -0.037712 -0.136694
1030067056
-1
0
815781984
1031165008 1031164216
-0.529061 -0.037712 -0.136694
-0.519201 -0.053011 -0.148088
-0.505758 -0.062696 -0.155482
1030068640
-1
0
815781984
1031165712 1031166152
-0.505758 -0.062696 -0.155482
-0.489379 -0.066531 -0.154161
-0.475586 -0.062470 -0.145331
1030068464
-1
0
815781984
1031165800 1031164304
-0.475586 -0.062470 -0.145331
-0.470603 -0.052982 -0.130311
-0.468716 -0.037260 -0.116392
1030068200
-1
0
815781984
1031164744 1031164480
-0.468716 -0.037260 -0.116392
-0.435477 0.039101 -0.072544
-0.409042 0.120924 -0.039432
1030067408
-1
0
815781984
1031165888 1031164832
-0.409042 0.120924 -0.039432
-0.408355 0.167354 -0.026962
-0.414740 0.216519 -0.030094
1030068376
-1
0
815781984
1031165976 1031164392
-0.414740 0.216519 -0.030094
-0.421543 0.475436 -0.084203
-0.420639 0.734104 -0.137700
1030068288
-1
0
815781984
1031166328 1031163600
-0.420639 0.734104 -0.137700
-0.414647 0.796295 -0.144310
-0.399686 0.855437 -0.130467
1030068728
-1
0
815781984
1031163776 1031164568
-0.399686 0.855437 -0.130467
-0.338367 1.100597 -0.031846
-0.267213 1.338500 0.074908
1030068816
-1
0
815781984
1031165184 1031166944
-0.267213 1.338500 0.074908
-0.252944 1.357782 0.075846
-0.235486 1.361290 0.080231
1030066968
-1
0
815781984
1031166592 1031167560
-0.235486 1.361290 0.080231
-0.197053 1.332592 0.146659
-0.173753 1.288991 0.186347
1030067144
-1
0
815781984
1031167384 1031167472
-0.173753 1.288991 0.186347
-0.172928 1.257912 0.149451
-0.181477 1.214650 0.099845
1030067232
-1
0
815781984
1031166856 1031166680
-0.181477 1.214650 0.099845
-0.189007 1.113691 0.095550
-0.181477 1.006510 0.108499
1030067496
-1
0
815781984
1031167208 1031166504
-0.181477 1.006510 0.108499
-0.146848 0.925162 0.103500
-0.111046 0.844051 0.098006
1030067672
-1
0
815781984
1031166768 1031167032
-0.111046 0.844051 0.098006
-0.108041 0.758622 0.102267
-0.111046 0.671994 0.104051
1030067584
-1
0
815781984
1031166416 1031167120
-0.111046 0.671994 0.104051
-0.085992 0.616012 0.086352
-0.083370 0.578369 0.083370
1030067760
-1
0
815781984
1031167296 1031170696
-0.083370 0.578369 0.083370
-0.203959 0.524799 0.168208
-0.345783 0.475736 0.263665
1030067848
-1
0
815781984
1031171928 1031170784
-0.345783 0.475736 0.263665
-0.371952 0.450015 0.272827
-0.378512 0.409354 0.270715
1030067936
-1
0
815781984
1031171664 1031170872
-0.378512 0.409354 0.270715
-0.352828 0.032336 0.277955
-0.319404 -0.347252 0.284466
1030072024
-1
0
815781984
1031173248 1031172632
-0.319404 -0.347252 0.284466
-0.314426 -0.431054 0.290557
-0.322240 -0.513828 0.291284
1030072552
-1
0
815781984
1031172192 1031172720
-0.322240 -0.513828 0.291284
-0.375620 -0.766176 0.266553
-0.427947 -1.018444 0.236724
1030072904
-1
0
815781984
1031173072 1031172016
-0.427947 -1.018444 0.236724
-0.441258 -1.111021 0.239186
-0.426809 -1.184715 0.224297
1030072112
-1
0
815781984
1031170520 1031171400
-0.426809 -1.184715 0.224297
-0.373333 -1.216460 0.158925
-0.318533 -1.240481 0.102918
1030071848
-1
0
815781984
1031171752 1031170960
-0.318533 -1.240481 0.102918
-0.319568 -1.285267 0.111796
-0.330530 -1.331820 0.157486
1030072464
-1
0
815781984
1031171488 1031171576
-0.330530 -1.331820 0.157486
-0.317592 -1.366259 0.227655
-0.296984 -1.394921 0.302659
1030072816
-1
0
815781984
1031172104 1031171840
-0.296984 -1.394921 0.302659
-0.294433 -1.411564 0.317878
-0.286525 -1.428241 0.326537
1030072200
-1
0
815781984
1031172280 1031172808
-0.286525 -1.428241 0.326537
-0.270586 -1.434818 0.332708
-0.252603 -1.431406 0.332266
1030072288
-1
0
815781984
1031172368 1031170608
-0.252603 -1.431406 0.332266
-0.239509 -1.416810 0.327077
-0.229138 -1.401230 0.314117
1030072992
-1
0
815781984
1031171224 1031172456
-0.229138 -1.401230 0.314117
-0.175231 -1.375102 0.248597
-0.131672 -1.341610 0.184809
1030072640
-1
0
815781984
1031173160 1031172544
-0.131672 -1.341610 0.184809
-0.124053 -1.296439 0.139530
-0.119674 -1.250280 0.130243
1030071936
-1
0
815781984
1031171136 1031172896
-0.119674 -1.250280 0.130243
-0.080843 -1.221470 0.195000
-0.047530 -1.185413 0.268371
1030072376
-1
0
815781984
1031172984 1031171048
-0.047530 -1.185413 0.268371
-0.037282 -1.110830 0.286177
-0.048668 -1.019142 0.280798
1030072728
-1
0
815781984
1031171312 1031175624
-0.048668 -1.019142 0.280798
-0.102839 -0.767691 0.294653
-0.155959 -0.516161 0.303420
1030071056
-1
0
815781984
1031173600 1031174304
-0.155959 -0.516161 0.303420
-0.164277 -0.432775 0.301751
-0.153123 -0.349585 0.296601
1030070440
-1
0
815781984
1031175536 1031173688
-0.153123 -0.349585 0.296601
-0.092848 -0.057195 0.286629
-0.018080 0.232164 0.275536
1030069648
-1
0
815781984
1031175096 1031173864
-0.018080 0.232164 0.275536
0.004252 0.270431 0.279470
0.014648 0.298547 0.268486
1030070792
-1
0
815781984
1031174128 1031174480
0.014648 0.298547 0.268486
-0.050140 0.367383 0.169353
-0.083370 0.411631 0.083370
1030071584
-1
0
815781984
1031175184 1031173424
-0.083370 0.411631 0.083370
-0.002022 0.432540 0.058182
0.083370 0.411631 0.083370
1030070968
-1
0
815781984
1031175272 1031175360
0.083370 0.411631 0.083370
0.065581 0.330858 0.167127
0.019988 0.222622 0.258846
1030069736
-1
0
815781984
1031174832 1031173952
0.019988 0.222622 0.258846
0.035529 0.194798 0.263172
0.062968 0.162638 0.250426
1030070088
-1
0
815781984
1031175448 1031174656
0.062968 0.162638 0.250426
0.180805 -0.106863 0.196025
0.287099 -0.381506 0.147878
1030069912
-1
0
815781984
1031175712 1031175008
0.287099 -0.381506 0.147878
0.309347 -0.452462 0.138641
0.317736 -0.524758 0.149778
1030071144
-1
0
815781984
1031173336 1031173512
0.317736 -0.524758 0.149778
0.324089 -0.767515 0.232827
0.334826 -1.009538 0.321065
1030070264
-1
0
815781984
1031173776 1031174040
0.334826 -1.009538 0.321065
0.354397 -1.150598 0.372705
0.393833 -1.270414 0.379001
1030070880
-1
0
815781984
1031174392 1031174216
0.393833 -1.270414 0.379001
0.428901 -1.306371 0.312778
0.469314 -1.330038 0.240293
1030069824
-1
0
815781984
1031174568 1031174744
0.469314 -1.330038 0.240293
0.483433 -1.373601 0.252086
0.502636 -1.412849 0.299409
1030070704
-1
0
815781984
1031174920 1031170256
0.502636 -1.412849 0.299409
0.555717 -1.432216 0.361821
0.617535 -1.442219 0.424749
1030071672
-1
0
815781984
1031169552 1031167792
0.617535 -1.442219 0.424749
0.631573 -1.454433 0.437863
0.647619 -1.465735 0.442984
1030071232
-1
0
815781984
1031168232 1031169640
0.647619 -1.465735 0.442984
0.665915 -1.465500 0.442330
0.679813 -1.456400 0.434623
1030069472
-1
0
815781984
1031168144 1031169200
0.679813 -1.456400 0.434623
0.683680 -1.439193 0.424393
0.681929 -1.423568 0.408026
1030071320
-1
0
815781984
1031169376 1031167968
0.681929 -1.423568 0.408026
0.691902 -1.397144 0.330089
0.693497 -1.366217 0.257163
1030070352
-1
0
815781984
1031170168 1031169024
0.693497 -1.366217 0.257163
0.670722 -1.326306 0.209588
0.660173 -1.283396 0.198046
1030069560
-1
0
815781984
1031168760 1031169464
0.660173 -1.283396 0.198046
0.715654 -1.246104 0.254763
0.761949 -1.198439 0.307546
1030071760
-1
0
815781984
1031168056 1031170344
0.761949 -1.198439 0.307546
0.753388 -1.074554 0.296569
0.701276 -0.940280 0.249144
1030071408
-1
0
815781984
1031169728 1031169112
0.701276 -0.940280 0.249144
0.590168 -0.725058 0.166457
0.477247 -0.510768 0.098605
1030069032
-1
0
815781984
1031168320 1031169816
0.477247 -0.510768 0.098605
0.454500 -0.432731 0.101319
0.448012 -0.348712 0.124641
1030070176
-1
0
815781984
1031170432 1031169904
0.448012 -0.348712 0.124641
0.421303 0.025724 0.189898
0.387350 0.396508 0.254503
1030070000
-1
0
815781984
1031168408 1031168848
0.387350 0.396508 0.254503
0.373793 0.433347 0.266247
0.344369 0.456491 0.262923
1030071496
-1
0
815781984
1031168584 1031169992
0.344369 0.456491 0.262923
0.201778 0.514398 0.170060
0.083370 0.578369 0.083370
1030069384
-1
0
815781984
1031168936 1031170080
0.083370 0.578369 0.083370
0.086153 0.616689 0.086454
0.111046 0.671994 0.104051
1030070616
-1
0
815781984
1031168496 1031167704
0.111046 0.671994 0.104051
0.108041 0.758622 0.102267
0.111046 0.844051 0.098006
1030069120
-1
0
815781984
1031167880 1031168672
0.111046 0.844051 0.098006
0.146848 0.925162 0.103500
0.181477 1.006510 0.108499
1030070528
-1
0
815781984
1031169288 1031183296
0.181477 1.006510 0.108499
0.189007 1.113691 0.095550
0.181477 1.214650 0.099845
1030069208
-1
0
815781984
1031182064 1031183736
0.181477 1.214650 0.099845
0.172928 1.257912 0.149451
0.173753 1.288991 0.186347
1030069296
-1
0
815781984
1031183824 1031181536
0.173753 1.288991 0.186347
0.197053 1.332592 0.146659
0.235486 1.361290 0.080231
1030073576
-1
0
815781984
1031182592 1031181976
0.235486 1.361290 0.080231
0.252944 1.357782 0.075846
0.267213 1.338500 0.074908
1030073840
-1
0
815781984
1031183208 1031181888
0.267213 1.338500 0.074908
0.338366 1.100596 -0.031846
0.399686 0.855437 -0.130467
1030075072
-1
0
815781984
1031182944 1031181624
0.399686 0.855437 -0.130467
0.414646 0.796295 -0.144310
0.420639 0.734104 -0.137700
1030074720
-1
0
815781984
1031182504 1031183032
0.420639 0.734104 -0.137700
0.421543 0.475435 -0.084204
0.414740 0.216519 -0.030094
1030074544
-1
0
815781984
1031182328 1031183120
0.414740 0.216519 -0.030094
0.408355 0.167353 -0.026962
0.409042 0.120924 -0.039432
1030075248
-1
0
815781984
1031182152 1031182416
0.409042 0.120924 -0.039432
0.435477 0.039101 -0.072544
0.468716 -0.037260 -0.116392
1030075336
-1
0
815781984
1031183384 1031183472
0.468716 -0.037260 -0.116392
0.470603 -0.052982 -0.130311
0.475586 -0.062470 -0.145331
1030075600
-1
0
815781984
1031183560 1031183648
0.475586 -0.062470 -0.145331
0.489379 -0.066531 -0.154161
0.505758 -0.062696 -0.155482
1030074808
-1
0
815781984
1031183912 1031182240
0.505758 -0.062696 -0.155482
0.519201 -0.053011 -0.148088
0.529061 -0.037712 -0.136694
1030073400
-1
0
815781984
1031182680 1031181712
0.529061 -0.037712 -0.136694
0.578795 0.033297 -0.094988
0.617915 0.110579 -0.060979
1030074896
-1
0
815781984
1031181800 1031182768
0.617915 0.110579 -0.060979
0.626844 0.156001 -0.050744
0.623614 0.206173 -0.051641
1030073488
-1
0
815781984
1031182856 1031178104
0.623614 0.206173 -0.051641
0.614921 0.484046 -0.066606
0.598819 0.761547 -0.081923
1030074984
-1
0
815781984
1031177224 1031176432
0.598819 0.761547 -0.081923
0.593240 0.823562 -0.083188
0.577867 0.882881 -0.074689
1030073664
-1
0
815781984
1031178192 1031177840
0.577867 0.882881 -0.074689
0.480182 1.187053 -0.006113
0.370795 1.484530 0.067158
1030074016
-1
0
815781984
1031176168 1031178456
0.370795 1.484530 0.067158
0.357738 1.500921 0.067277
0.339068 1.507320 0.072482
1030074104
-1
0
815781984
1031176520 1031176608
0.339068 1.507320 0.072482
0.252534 1.515604 0.168038
0.173753 1.531440 0.219484
1030075512
-1
0
815781984
1031176696 1031178280
0.173753 1.531440 0.219484
0.106773 1.565262 0.159980
0.061671 1.624650 0.078926
1030075688
-1
0
815781984
1031177400 1031176784
0.061671 1.624650 0.078926
0.050249 1.684541 0.080655
0.061671 1.738930 0.125347
1030074456
-1
0
815781984
1031178368 1031176872
0.061671 1.738930 0.125347
0.092849 1.754540 0.223582
0.119431 1.783510 0.299208
1030074192
-1
0
815781984
1031176080 1031177488
0.119431 1.783510 0.299208
0.149379 1.947080 0.322197
0.119431 2.094730 0.307129
1030074280
-1
0
815781984
1031176256 1031178544
0.119431 2.094730 0.307129
-0.005185 2.135264 0.308161
-0.119431 2.094730 0.307129
1030073224
-1
0
815782152
1031176960 1031177048
0.056603 1.938071 -0.229422
0.092244 1.908328 -0.190490
0.113205 1.867690 -0.124226
1030075160
-1
0
815782152
1031177576 1031177664
0.113205 1.867690 -0.124226
0.129414 1.823030 -0.010605
0.119431 1.789270 0.072871
1030073752
-1
0
815782152
1031177136 1031177312
0.119431 1.789270 0.072871
0.092093 1.791620 0.056434
0.061671 1.785350 0.011074
1030074632
-1
0
815782152
1031177752 1031178632
0.061671 1.785350 0.011074
0.048781 1.727904 -0.009372
0.061671 1.671070 -0.035347
1030075776
-1
0
815782152
1031176344 1031177928
0.061671 1.671070 -0.035347
0.106583 1.623681 -0.145099
0.173753 1.591010 -0.216345
1030075864
-1
0
815782152
1031178016 1031175904
0.173753 1.591010 -0.216345
0.239611 1.554806 -0.181698
0.314872 1.515070 -0.104908
1030073136
-1
0
815782152
1031175992 1031178896
0.314872 1.515070 -0.104908
0.332873 1.506895 -0.103585
0.346599 1.492280 -0.110231
1030073312
-1
0
815782152
1031180656 1031181184
0.346599 1.492280 -0.110231
0.486506 1.197637 -0.152532
0.612677 0.895902 -0.192298
1030073928
-1
0
815782152
1031180392 1031181008
0.612677 0.895902 -0.192298
0.631030 0.836847 -0.199812
0.633629 0.774570 -0.199531
1030075424
-1
0
815782152
1031179952 1031181272
0.633629 0.774570 -0.199531
0.627924 0.495481 -0.173168
0.614276 0.216034 -0.146896
1030074368
-1
0
815782152
1031179336 1031180216
0.614276 0.216034 -0.146896
0.617295 0.166053 -0.147521
0.608578 0.120440 -0.156234
1030076128
-1
0
815782152
1031180304 1031181360
0.608578 0.120440 -0.156234
0.563578 0.049950 -0.176399
0.509954 -0.017409 -0.193936
1030076656
-1
0
815782152
1031179160 1031181448
0.509954 -0.017409 -0.193936
0.503705 -0.037164 -0.191839
0.496205 -0.052544 -0.184103
1030076744
-1
0
815782152
1031179512 1031181096
0.496205 -0.052544 -0.184103
0.481329 -0.057976 -0.178279
0.466033 -0.052319 -0.173952
1030076480
-1
0
815782152
1031179776 1031179424
0.466033 -0.052319 -0.173952
0.455599 -0.037465 -0.174125
0.449610 -0.016958 -0.173633
1030076568
-1
0
815782152
1031179248 1031179600
0.449610 -0.016958 -0.173633
0.420155 0.056064 -0.153916
0.399704 0.130786 -0.134687
1030077008
-1
0
815782152
1031180480 1031179688
0.399704 0.130786 -0.134687
0.398179 0.178192 -0.123657
0.405402 0.226380 -0.125349
1030076216
-1
0
815782152
1031178720 1031179864
0.405402 0.226380 -0.125349
0.434560 0.486835 -0.190763
0.455449 0.747126 -0.255309
1030077096
-1
0
815782152
1031180920 1031180040
0.455449 0.747126 -0.255309
0.452887 0.809070 -0.260703
0.434497 0.868459 -0.248075
1030076040
-1
0
815782152
1031178808 1031180128
0.434497 0.868459 -0.248075
0.344927 1.110968 -0.178143
0.243016 1.346250 -0.102482
1030076304
-1
0
815782152
1031180568 1031180744
0.243016 1.346250 -0.102482
0.226889 1.363578 -0.092875
0.211289 1.369040 -0.097158
1030076392
-1
0
815782152
1031180832 1031178984
0.211289 1.369040 -0.097158
0.185361 1.373247 -0.187828
0.173753 1.348560 -0.249484
1030076832
-1
0
815782152
1031179072 1031189912
0.173753 1.348560 -0.249484
0.174341 1.288618 -0.222353
0.181477 1.203489 -0.168498
1030075952
-1
0
815782152
1031191848 1031191056
0.181477 1.203489 -0.168498
0.188634 1.098287 -0.164037
0.181477 0.995351 -0.159844
1030076920
-1
0
815782152
1031191584 1031190792
0.181477 0.995351 -0.159844
0.146848 0.916391 -0.117494
0.111046 0.838006 -0.074051
1030081112
-1
0
815782152
1031191760 1031190352
0.111046 0.838006 -0.074051
0.108371 0.754253 -0.062384
0.111046 0.665949 -0.068006
1030080760
-1
0
815782152
1031191408 1031189824
0.111046 0.665949 -0.068006
0.087114 0.612721 -0.068186
0.083370 0.578369 -0.083370
1030081024
-1
0
815782152
1031191936 1031192024
0.083370 0.578369 -0.083370
0.187182 0.540798 -0.172743
0.313540 0.508855 -0.262789
1030080584
-1
0
815782152
1031191672 1031189736
0.313540 0.508855 -0.262789
0.342952 0.486614 -0.276822
0.356519 0.448871 -0.271209
1030081200
-1
0
815782152
1031192112 1031190968
0.356519 0.448871 -0.271209
0.390237 0.063227 -0.151452
0.420257 -0.327393 -0.037501
1030080320
-1
0
815782152
1031190088 1031190528
0.420257 -0.327393 -0.037501
0.436062 -0.444997 -0.020803
0.469406 -0.561260 -0.025502
1030080672
-1
0
815782152
1031190000 1031190176
0.469406 -0.561260 -0.025502
0.564074 -0.805784 -0.043640
0.662075 -1.048025 -0.054328
1030080848
-1
0
815782152
1031190264 1031190440
0.662075 -1.048025 -0.054328
0.692027 -1.130245 -0.046484
0.701337 -1.206313 -0.012646
1030080056
-1
0
815782152
1031190616 1031191144
0.701337 -1.206313 -0.012646
0.679685 -1.279219 0.044379
0.656483 -1.346542 0.111663
1030080408
-1
0
815782152
1031191496 1031190704
0.656483 -1.346542 0.111663
0.670361 -1.393829 0.137171
0.689807 -1.429363 0.170779
1030080144
-1
0
815782152
1031190880 1031191232
0.689807 -1.429363 0.170779
0.695713 -1.464874 0.269056
0.691888 -1.484950 0.377905
1030080496
-1
0
815782152
1031191320 1031184456
0.691888 -1.484950 0.377905
0.691982 -1.486583 0.401089
0.684794 -1.487096 0.419562
1030080232
-1
0
815782152
1031186832 1031184544
0.684794 -1.487096 0.419562
0.670112 -1.491362 0.429639
0.652597 -1.496421 0.427924
1030080936
-1
0
815782152
1031184632 1031184720
0.652597 -1.496421 0.427924
0.638795 -1.502168 0.414844
0.627494 -1.503600 0.394628
1030077944
-1
0
815782152
1031186392 1031186480
0.627494 -1.503600 0.394628
0.559773 -1.499874 0.300701
0.498948 -1.476004 0.213026
1030077240
-1
0
815782152
1031184808 1031185424
0.498948 -1.476004 0.213026
0.483261 -1.440436 0.179280
0.465624 -1.393184 0.153910
1030079616
-1
0
815782152
1031185776 1031184896
0.465624 -1.393184 0.153910
0.396594 -1.339260 0.101663
0.333221 -1.278288 0.058809
1030077768
-1
0
815782152
1031186040 1031186568
0.333221 -1.278288 0.058809
0.301747 -1.204934 0.029738
0.295625 -1.117283 0.017593
1030078032
-1
0
815782152
1031186304 1031184192
0.295625 -1.117283 0.017593
0.303646 -0.857281 0.004939
0.309300 -0.596145 0.000143
1030079352
-1
0
815782152
1031186128 1031186744
0.309300 -0.596145 0.000143
0.295150 -0.473793 0.003932
0.259344 -0.360187 -0.014264
1030079264
-1
0
815782152
1031184984 1031184104
0.259344 -0.360187 -0.014264
0.152648 -0.068295 -0.140416
0.032138 0.215002 -0.275286
1030077416
-1
0
815782152
1031184280 1031185072
0.032138 0.215002 -0.275286
0.003868 0.248123 -0.283234
-0.010841 0.274985 -0.266867
1030078472
-1
0
815782152
1031185864 1031186656
-0.010841 0.274985 -0.266867
0.050743 0.355488 -0.168471
0.083370 0.411631 -0.083370
1030079792
-1
0
815782152
1031185512 1031185952
0.083370 0.411631 -0.083370
0.000813 0.432453 -0.058099
-0.083370 0.411631 -0.083370
1030078384
-1
0
815782152
1031186216 1031184368
-0.083370 0.411631 -0.083370
-0.058232 0.344826 -0.167890
-0.001906 0.250466 -0.261078
1030078120
-1
0
815782152
1031185160 1031185248
-0.001906 0.250466 -0.261078
-0.013909 0.218825 -0.271155
-0.034634 0.184084 -0.254028
1030079440
-1
0
815782152
1031185336 1031185600
-0.034634 0.184084 -0.254028
-0.094472 -0.082743 -0.054963
-0.141096 -0.356591 0.130445
1030078208
-1
0
815782152
1031185688 1031189560
-0.141096 -0.356591 0.130445
-0.151826 -0.437439 0.154780
-0.143931 -0.523167 0.137263
1030078560
-1
0
815782152
1031187800 1031187360
-0.143931 -0.523167 0.137263
-0.078044 -0.759001 0.050141
-0.011103 -0.994755 -0.042086
1030078296
-1
0
815782152
1031188416 1031189120
-0.011103 -0.994755 -0.042086
0.003018 -1.080133 -0.062911
-0.009965 -1.161031 -0.054512
1030079000
-1
0
815782152
1031188240 1031187448
-0.009965 -1.161031 -0.054512
-0.056611 -1.236227 -0.016754
-0.109916 -1.305904 0.039281
1030079880
-1
0
815782152
1031189208 1031188856
-0.109916 -1.305904 0.039281
-0.116024 -1.357220 0.062013
-0.121914 -1.397243 0.093848
1030077680
-1
0
815782152
1031187184 1031189472
-0.121914 -1.397243 0.093848
-0.170325 -1.438263 0.182899
-0.228988 -1.461368 0.280097
1030078736
-1
0
815782152
1031187536 1031187624
-0.228988 -1.461368 0.280097
-0.238851 -1.463498 0.300992
-0.252528 -1.461470 0.315255
1030079968
-1
0
815782152
1031187712 1031189296
-0.252528 -1.461470 0.315255
-0.270524 -1.460157 0.318373
-0.286450 -1.458316 0.309527
1030078912
-1
0
815782152
1031188504 1031187888
-0.286450 -1.458316 0.309527
-0.294920 -1.458114 0.291599
-0.296834 -1.455060 0.268638
1030077328
-1
0
815782152
1031189384 1031187976
-0.296834 -1.455060 0.268638
-0.312426 -1.429447 0.162024
-0.320772 -1.387444 0.066523
1030077592
-1
0
815782152
1031187096 1031188592
-0.320772 -1.387444 0.066523
-0.311189 -1.346707 0.034602
-0.308775 -1.296104 0.011956
1030078824
-1
0
815782152
1031187272 1031189648
-0.308775 -1.296104 0.011956
-0.349055 -1.231007 -0.052683
-0.389244 -1.160333 -0.098586
1030077504
-1
0
815782152
1031188064 1031188152
-0.389244 -1.160333 -0.098586
-0.399775 -1.079673 -0.109783
-0.390382 -0.994057 -0.086159
1030079704
-1
0
815782152
1031188680 1031188768
-0.390382 -0.994057 -0.086159
-0.350825 -0.757486 0.022040
-0.310212 -0.520833 0.125128
1030077856
-1
0
815782152
1031188328 1031188944
-0.310212 -0.520833 0.125128
-0.302764 -0.436790 0.141780
-0.307377 -0.354258 0.118310
1030079528
-1
0
815782152
1031189032 1031186920
-0.307377 -0.354258 0.118310
-0.354732 0.006243 -0.064430
-0.395066 0.361273 -0.258849
1030078648
-1
0
815782152
1031187008 1031197232
-0.395066 0.361273 -0.258849
-0.388720 0.399506 -0.273190
-0.362338 0.427656 -0.265899
1030079176
-1
0
815782152
1031195736 1031197672
-0.362338 0.427656 -0.265899
-0.212573 0.501348 -0.176717
-0.083370 0.578369 -0.083370
1030079088
-1
0
815782152
1031197584 1031197056
-0.083370 0.578369 -0.083370
-0.086585 0.614670 -0.069234
-0.111046 0.665949 -0.068006
1030081960
-1
0
815782152
1031197760 1031196792
-0.111046 0.665949 -0.068006
-0.108371 0.754253 -0.062384
-0.111046 0.838006 -0.074051
1030082048
-1
0
815782152
1031197408 1031196352
-0.111046 0.838006 -0.074051
-0.146848 0.916391 -0.117494
-0.181477 0.995351 -0.159844
1030082752
-1
0
815782152
1031197848 1031195824
-0.181477 0.995351 -0.159844
-0.188634 1.098287 -0.164037
-0.181477 1.203489 -0.168498
1030082224
-1
0
815782152
1031196616 1031196704
-0.181477 1.203489 -0.168498
-0.174341 1.288618 -0.222353
-0.173753 1.348560 -0.249484
1030082840
-1
0
815782152
1031195120 1031195560
-0.173753 1.348560 -0.249484
-0.185361 1.373247 -0.187828
-0.211289 1.369040 -0.097158
1030081520
-1
0
815782152
1031195208 1031195912
-0.211289 1.369040 -0.097158
-0.226889 1.363578 -0.092875
-0.243016 1.346250 -0.102482
1030083632
-1
0
815782152
1031197496 1031196176
-0.243016 1.346250 -0.102482
-0.344927 1.110968 -0.178142
-0.434497 0.868460 -0.248074
1030081608
-1
0
815782152
1031196000 1031195648
-0.434497 0.868460 -0.248074
-0.452887 0.809071 -0.260702
-0.455449 0.747126 -0.255309
1030081432
-1
0
815782152
1031196088 1031196880
-0.455449 0.747126 -0.255309
-0.434560 0.486835 -0.190763
-0.405402 0.226380 -0.125349
1030082136
-1
0
815782152
1031196264 1031195296
-0.405402 0.226380 -0.125349
-0.398179 0.178193 -0.123657
-0.399704 0.130786 -0.134687
1030081784
-1
0
815782152
1031196440 1031197320
-0.399704 0.130786 -0.134687
-0.420155 0.056064 -0.153916
-0.449610 -0.016958 -0.173633
1030082664
-1
0
815782152
1031196528 1031195384
-0.449610 -0.016958 -0.173633
-0.455599 -0.037466 -0.174125
-0.466033 -0.052319 -0.173952
1030081696
-1
0
815782152
1031196968 1031197144
-0.466033 -0.052319 -0.173952
-0.481329 -0.057977 -0.178279
-0.496205 -0.052544 -0.184103
1030084072
-1
0
815782152
1031195472 1031198816
-0.496205 -0.052544 -0.184103
-0.503705 -0.037164 -0.191839
-0.509954 -0.017409 -0.193936
1030081872
-1
0
815782152
1031199080 1031198904
-0.509954 -0.017409 -0.193936
-0.563578 0.049950 -0.176399
-0.608578 0.120440 -0.156234
1030082312
-1
0
815782152
1031199520 1031198112
-0.608578 0.120440 -0.156234
-0.617295 0.166053 -0.147521
-0.614276 0.216035 -0.146896
1030082400
-1
0
815782152
1031200048 1031199256
-0.614276 0.216035 -0.146896
-0.627924 0.495481 -0.173168
-0.633629 0.774570 -0.199531
1030083720
-1
0
815782152
1031199784 1031198992
-0.633629 0.774570 -0.199531
-0.631030 0.836847 -0.199812
-0.612677 0.895903 -0.192298
1030083808
-1
0
815782152
1031199960 1031198552
-0.612677 0.895903 -0.192298
-0.486506 1.197637 -0.152532
-0.346599 1.492280 -0.110231
1030082488
-1
0
815782152
1031199608 1031198024
-0.346599 1.492280 -0.110231
-0.332873 1.506895 -0.103585
-0.314872 1.515070 -0.104908
1030082928
-1
0
815782152
1031200136 1031200224
-0.314872 1.515070 -0.104908
-0.239611 1.554806 -0.181698
-0.173753 1.591010 -0.216345
1030083016
-1
0
815782152
1031199872 1031197936
-0.173753 1.591010 -0.216345
-0.106583 1.623681 -0.145099
-0.061671 1.671070 -0.035347
1030082576
-1
0
815782152
1031200312 1031199168
-0.061671 1.671070 -0.035347
-0.048781 1.727904 -0.009372
-0.061671 1.785350 0.011074
1030083280
-1
0
815782152
1031198288 1031198728
-0.061671 1.785350 0.011074
-0.092093 1.791620 0.056434
-0.119431 1.789270 0.072871
1030083104
-1
0
815782152
1031198200 1031198376
-0.119431 1.789270 0.072871
-0.129414 1.823030 -0.010605
-0.113205 1.867690 -0.124226
1030083456
-1
0
815782152
1031198464 1031198640
-0.113205 1.867690 -0.124226
-0.096918 1.906390 -0.187594
-0.056603 1.938071 -0.229422
1030083192
-1
0
815782152
1031199344 1031199696
-0.056603 1.938071 -0.229422
0.003816 1.947561 -0.243607
0.056603 1.938071 -0.229422
1030083896
-1
0
1030064760
1031199432 1031192392
-0.119431 2.094730 0.307129
-0.120043 2.098568 0.205254
-0.119431 2.100490 0.080792
1030083544
-1
0
1030064760
1031193096 1031192744
-0.119431 2.100490 0.080792
-0.122004 2.101130 -0.009378
-0.113205 2.092311 -0.095775
1030083368
-1
0
1030064760
1031193624 1031192656
-0.113205 2.092311 -0.095775
-0.085525 2.082352 -0.165372
-0.056603 2.050381 -0.215196
1030083984
-1
0
1030064760
1031195032 1031192832
-0.056603 2.050381 -0.215196
-0.052151 2.001747 -0.230332
-0.056603 1.938071 -0.229422
1030081344
-1
0
1030064760
1031192920 1031193008
-0.056603 1.938071 -0.229422
-0.088017 2.016400 0.038854
-0.119431 2.094730 0.307129
1030084512
-1
0
1030063976
1031194592 1031194680
0.119431 2.094730 0.307129
0.120043 2.098568 0.205254
0.119431 2.100490 0.080792
1030084864
-1
0
1030063976
1031193184 1031193712
0.119431 2.100490 0.080792
0.122004 2.101130 -0.009378
0.113205 2.092311 -0.095775
1030085216
-1
0
1030063976
1031193976 1031193272
0.113205 2.092311 -0.095775
0.085525 2.082352 -0.165372
0.056603 2.050381 -0.215196
1030084776
-1
0
1030063976
1031194240 1031194768
0.056603 2.050381 -0.215196
0.052151 2.001747 -0.230332
0.056603 1.938071 -0.229422
1030084952
-1
0
1030063976
1031194504 1031192480
0.056603 1.938071 -0.229422
0.088017 2.016400 0.038854
0.119431 2.094730 0.307129
1030085040
-1
0
1030064480
1031194328 1031194944
-0.649957 0.205530 -0.030156
-0.635931 0.456714 -0.041630
-0.614663 0.763195 -0.051885
1030085128
-1
0
1030064480
1031193360 1031192304
-0.614663 0.763195 -0.051885
-0.608636 0.824132 -0.052637
-0.594083 0.882704 -0.044806
1030085304
-1
0
1030064480
1031192568 1031193448
-0.594083 0.882704 -0.044806
-0.500031 1.192913 0.020131
-0.393993 1.496500 0.088945
1030084688
-1
0
1030064480
1031194064 1031194856
-0.393993 1.496500 0.088945
-0.379402 1.516580 0.088702
-0.357986 1.525220 0.094335
1030084160
-1
0
1030064480
1031193800 1031194152
-0.357986 1.525220 0.094335
-0.269610 1.545317 0.180922
-0.186873 1.552900 0.242356
1030084248
-1
0
1030064480
1031194416 1031193536
-0.186873 1.552900 0.242356
-0.161683 1.540987 0.218521
-0.144188 1.540450 0.170554
1030084336
-1
0
1030064480
1031193888 1031209848
-0.144188 1.540450 0.170554
-0.121643 1.581738 0.144726
-0.101503 1.640200 0.127108
1030084424
-1
0
1030064480
1031210288 1031210904
-0.101503 1.640200 0.127108
-0.375730 0.922865 0.048476
-0.649957 0.205530 -0.030156
1030084600
-1
0
1030064256
1031209232 1031210112
0.649957 0.205529 -0.030156
0.635931 0.456713 -0.041631
0.614663 0.763195 -0.051885
1030086152
-1
0
1030064256
1031209584 1031211608
0.614663 0.763195 -0.051885
0.608636 0.824132 -0.052638
0.594083 0.882704 -0.044806
1030085712
-1
0
1030064256
1031210376 1031211696
0.594083 0.882704 -0.044806
0.500031 1.192913 0.020131
0.393993 1.496500 0.088945
1030086680
-1
0
1030064256
1031209320 1031209056
0.393993 1.496500 0.088945
0.379402 1.516581 0.088702
0.357986 1.525220 0.094335
1030087736
-1
0
1030064256
1031209672 1031210464
0.357986 1.525220 0.094335
0.269611 1.545317 0.180922
0.186873 1.552900 0.242356
1030086064
-1
0
1030064256
1031209144 1031210552
0.186873 1.552900 0.242356
0.161683 1.540987 0.218521
0.144188 1.540450 0.170554
1030086944
-1
0
1030064256
1031209408 1031210200
0.144188 1.540450 0.170554
0.121643 1.581738 0.144726
0.101503 1.640200 0.127108
1030086768
-1
0
1030064256
1031209496 1031208968
0.101503 1.640200 0.127108
0.375730 0.922865 0.048476
0.649957 0.205529 -0.030156
1030087384
-1
0
1030064144
1031211080 1031210640
-0.448116 -1.207191 0.238321
-0.456763 -1.121422 0.247118
-0.454424 -1.017738 0.258043
1030088000
-1
0
1030064144
1031211168 1031211520
-0.454424 -1.017738 0.258043
-0.402843 -0.764767 0.288942
-0.347867 -0.511688 0.313526
1030085800
-1
0
1030064144
1031210728 1031209760
-0.347867 -0.511688 0.313526
-0.340230 -0.430060 0.312743
-0.345093 -0.347378 0.306739
1030086592
-1
0
1030064144
1031209936 1031210816
-0.345093 -0.347378 0.306739
-0.378853 0.035582 0.301941
-0.401250 0.415105 0.295331
1030085624
-1
0
1030064144
1031210024 1031210992
-0.401250 0.415105 0.295331
-0.392200 0.467414 0.296402
-0.357998 0.500046 0.284057
1030088176
-1
0
1030064144
1031211256 1031211344
-0.357998 0.500046 0.284057
-0.213512 0.541810 0.196916
-0.091976 0.583274 0.115894
1030087560
-1
0
1030064144
1031211432 1031212752
-0.091976 0.583274 0.115894
-0.101901 0.615572 0.115383
-0.134593 0.666390 0.127929
1030087120
-1
0
1030064144
1031213984 1031213280
-0.134593 0.666390 0.127929
-0.133151 0.752666 0.125435
-0.134231 0.838877 0.122331
1030087648
-1
0
1030064144
1031214512 1031212488
-0.134231 0.838877 0.122331
-0.169763 0.920050 0.128139
-0.204655 1.001411 0.132846
1030088088
-1
0
1030064144
1031213632 1031214336
-0.204655 1.001411 0.132846
-0.213463 1.107452 0.118440
-0.206999 1.206860 0.120917
1030086856
-1
0
1030064144
1031212840 1031212400
-0.206999 1.206860 0.120917
-0.198684 1.247150 0.169626
-0.197700 1.274051 0.205305
1030085448
-1
0
1030064144
1031213896 1031213544
-0.197700 1.274051 0.205305
-0.218461 1.308531 0.162940
-0.248950 1.332900 0.093215
1030086328
-1
0
1030064144
1031211872 1031212928
-0.248950 1.332900 0.093215
-0.252319 1.329890 0.096161
-0.254837 1.320280 0.100808
1030087032
-1
0
1030064144
1031214424 1031212136
-0.254837 1.320280 0.100808
-0.314009 1.084739 -0.010653
-0.370838 0.845555 -0.115429
1030085888
-1
0
1030064144
1031213016 1031214248
-0.370838 0.845555 -0.115429
-0.384146 0.790628 -0.129122
-0.390468 0.732853 -0.122075
1030086416
-1
0
1030064144
1031212224 1031213808
-0.390468 0.732853 -0.122075
-0.394570 0.475628 -0.067624
-0.393198 0.218698 -0.003880
1030086504
-1
0
1030064144
1031212576 1031213104
-0.393198 0.218698 -0.003880
-0.420657 -0.494247 0.117221
-0.448116 -1.207191 0.238321
1030087208
-1
0
1030064648
1031213192 1031214072
0.765948 -1.104838 0.317774
0.754002 -1.021869 0.295320
0.726479 -0.925694 0.266374
1030086240
-1
0
1030064648
1031211960 1031214160
0.726479 -0.925694 0.266374
0.615273 -0.717475 0.183473
0.504251 -0.508366 0.118825
1030085976
-1
0
1030064648
1031211784 1031213720
0.504251 -0.508366 0.118825
0.481771 -0.431442 0.121387
0.475429 -0.348498 0.144446
1030085536
-1
0
1030064648
1031212664 1031212048
0.475429 -0.348498 0.144446
0.448705 0.028946 0.212004
0.411215 0.401484 0.277945
1030087296
-1
0
1030064648
1031213368 1031212312
0.411215 0.401484 0.277945
0.393141 0.448919 0.291437
0.354645 0.478413 0.286625
1030087472
-1
0
1030064648
1031213456 1031216360
0.354645 0.478413 0.286625
0.209977 0.529902 0.200891
0.091976 0.583274 0.115894
1030087912
-1
0
1030064648
1031216008 1031216096
0.091976 0.583274 0.115894
0.102131 0.616337 0.115353
0.134593 0.666390 0.127929
1030087824
-1
0
1030064648
1031216448 1031214688
0.134593 0.666390 0.127929
0.133151 0.752665 0.125435
0.134231 0.838877 0.122331
1030089408
-1
0
1030064648
1031214600 1031216712
0.134231 0.838877 0.122331
0.169763 0.920050 0.128139
0.204655 1.001411 0.132846
1030088704
-1
0
1030064648
1031214776 1031215392
0.204655 1.001411 0.132846
0.213463 1.107452 0.118440
0.206999 1.206860 0.120917
1030088528
-1
0
1030064648
1031214864 1031216536
0.206999 1.206860 0.120917
0.198684 1.247150 0.169626
0.197700 1.274051 0.205305
1030089144
-1
0
1030064648
1031214952 1031215480
0.197700 1.274051 0.205305
0.218461 1.308531 0.162940
0.248950 1.332900 0.093215
1030088968
-1
0
1030064648
1031216624 1031215568
0.248950 1.332900 0.093215
0.252319 1.329890 0.096161
0.254837 1.320280 0.100808
1030088616
-1
0
1030064648
1031216184 1031215040
0.254837 1.320280 0.100808
0.314009 1.084739 -0.010653
0.370838 0.845555 -0.115429
1030088792
-1
0
1030064648
1031215304 1031215128
0.370838 0.845555 -0.115429
0.384146 0.790628 -0.129123
0.390468 0.732853 -0.122075
1030088880
-1
0
1030064648
1031216272 1031215216
0.390468 0.732853 -0.122075
0.394570 0.475628 -0.067624
0.393198 0.218698 -0.003880
1030089056
-1
0
1030064648
1031215656 1031215744
0.393198 0.218698 -0.003880
0.579573 -0.443070 0.156947
0.765948 -1.104838 0.317774
1030088440
-1
0
1030064032
1031215832 1031215920
-0.029396 -1.206702 0.287708
-0.023475 -1.121595 0.298201
-0.027773 -1.018473 0.307612
1030089320
-1
0
1030064032
1031201928 1031201136
-0.027773 -1.018473 0.307612
-0.080431 -0.766326 0.321713
-0.133836 -0.514066 0.329154
1030089232
-1
0
1030064032
1031202280 1031203072
-0.133836 -0.514066 0.329154
-0.142054 -0.432550 0.327545
-0.131121 -0.351296 0.322465
1030088264
-1
0
1030064032
1031202456 1031201224
-0.131121 -0.351296 0.322465
-0.070004 -0.061354 0.312824
0.004959 0.225615 0.299668
1030088352
-1
0
1030064032
1031201576 1031201400
0.004959 0.225615 0.299668
0.032004 0.276106 0.300277
0.041318 0.312905 0.283933
1030092104
-1
0
1030064032
1031202544 1031201752
0.041318 0.312905 0.283933
-0.035787 0.376332 0.194827
-0.085653 0.406618 0.116920
1030090608
-1
0
1030064032
1031202368 1031201312
-0.085653 0.406618 0.116920
-0.014584 0.404119 0.096116
0.064582 0.368238 0.121522
1030090168
-1
0
1030064032
1031202192 1031203160
0.064582 0.368238 0.121522
0.039582 0.307353 0.198027
-0.006711 0.229178 0.278578
1030091664
-1
0
1030064032
1031203248 1031201048
-0.006711 0.229178 0.278578
0.010828 0.192059 0.287032
0.043944 0.147991 0.274272
1030091312
-1
0
1030064032
1031202016 1031202632
0.043944 0.147991 0.274272
0.162952 -0.119516 0.225778
0.268518 -0.391605 0.174279
1030089640
-1
0
1030064032
1031201488 1031200520
0.268518 -0.391605 0.174279
0.290341 -0.470612 0.149352
0.297034 -0.549973 0.148866
1030090520
-1
0
1030064032
1031200608 1031200696
0.297034 -0.549973 0.148866
0.303553 -0.777589 0.239366
0.314248 -1.003561 0.347249
1030092192
-1
0
1030064032
1031201664 1031200960
0.314248 -1.003561 0.347249
0.332567 -1.091336 0.375564
0.361082 -1.179892 0.397387
1030089904
-1
0
1030064032
1031202720 1031200872
0.361082 -1.179892 0.397387
0.165843 -1.193297 0.342547
-0.029396 -1.206702 0.287708
1030092016
-1
0
1030064872
1031202104 1031200784
0.635770 0.215065 -0.173222
0.652431 0.467855 -0.194675
0.663648 0.776309 -0.215401
1030090872
-1
0
1030064872
1031201840 1031202808
0.663648 0.776309 -0.215401
0.661305 0.843013 -0.215054
0.641147 0.906093 -0.207841
1030091048
-1
0
1030064872
1031202896 1031202984
0.641147 0.906093 -0.207841
0.508049 1.210743 -0.173607
0.361100 1.508680 -0.136245
1030090696
-1
0
1030064872
1031203776 1031204040
0.361100 1.508680 -0.136245
0.348662 1.523317 -0.128876
0.332276 1.532250 -0.128529
1030091840
-1
0
1030064872
1031205272 1031204920
0.332276 1.532250 -0.128529
0.266675 1.584834 -0.189027
0.189148 1.615970 -0.233552
1030090080
-1
0
1030064872
1031204744 1031205448
0.189148 1.615970 -0.233552
0.000000 1.635262 -0.257753
-0.189148 1.615970 -0.233552
1030091400
-1
0
1030064872
1031205360 1031203864
-0.189148 1.615970 -0.233552
-0.266675 1.584834 -0.189027
-0.332276 1.532250 -0.128529
1030091136
-1
0
1030064872
1031203952 1031205184
-0.332276 1.532250 -0.128529
-0.348661 1.523317 -0.128876
-0.361100 1.508680 -0.136245
1030089728
-1
0
1030064872
1031205536 1031204832
-0.361100 1.508680 -0.136245
-0.508049 1.210743 -0.173606
-0.641147 0.906093 -0.207841
1030091928
-1
0
1030064872
1031205888 1031203688
-0.641147 0.906093 -0.207841
-0.661305 0.843013 -0.215054
-0.663648 0.776309 -0.215401
1030091752
-1
0
1030064872
1031205976 1031205624
-0.663648 0.776309 -0.215401
-0.653825 0.495917 -0.196784
-0.635770 0.215066 -0.173222
1030091488
-1
0
1030064872
1031205008 1031204128
-0.635770 0.215066 -0.173222
-0.000000 0.215065 -0.173222
0.635770 0.215065 -0.173222
1030090256
-1
0
1030064704
1031205096 1031206064
0.378822 0.226905 -0.146544
0.411232 0.459044 -0.214610
0.439575 0.743745 -0.285185
1030092280
-1
0
1030064704
1031205712 1031204216
0.439575 0.743745 -0.285185
0.437633 0.807846 -0.291397
0.418113 0.869085 -0.277861
1030091224
-1
0
1030064704
1031204392 1031204304
0.418113 0.869085 -0.277861
0.320907 1.104083 -0.206127
0.219685 1.334090 -0.124016
1030089552
-1
0
1030064704
1031205800 1031204568
0.219685 1.334090 -0.124016
0.221497 1.340447 -0.116263
0.224474 1.342700 -0.114133
1030091576
-1
0
1030064704
1031203336 1031204480
0.224474 1.342700 -0.114133
0.210194 1.354660 -0.208980
0.199275 1.339770 -0.270159
1030089816
-1
0
1030064704
1031203424 1031203512
0.199275 1.339770 -0.270159
0.200547 1.282735 -0.244294
0.205909 1.197659 -0.191412
1030089992
-1
0
1030064704
1031203600 1031204656
0.205909 1.197659 -0.191412
0.212355 1.089758 -0.186826
0.204536 0.984264 -0.182235
1030090344
-1
0
1030064704
1031207648 1031208176
0.204536 0.984264 -0.182235
0.169957 0.905220 -0.140017
0.134101 0.826982 -0.096478
1030090432
-1
0
1030064704
1031206768 1031208704
0.134101 0.826982 -0.096478
0.133498 0.746781 -0.085017
0.134918 0.663928 -0.092132
1030090784
-1
0
1030064704
1031208792 1031206152
0.134918 0.663928 -0.092132
0.103841 0.615726 -0.096615
0.093444 0.586783 -0.114734
1030090960
-1
0
1030064704
1031207208 1031206592
0.093444 0.586783 -0.114734
0.194744 0.561570 -0.200080
0.320638 0.536199 -0.281568
1030093424
-1
0
1030064704
1031208000 1031206504
0.320638 0.536199 -0.281568
0.361112 0.506071 -0.300712
0.379956 0.454619 -0.294904
1030092984
-1
0
1030064704
1031207736 1031206240
0.379956 0.454619 -0.294904
0.414270 0.067112 -0.178630
0.440817 -0.326671 -0.064347
1030092368
-1
0
1030064704
1031207120 1031207560
0.440817 -0.326671 -0.064347
0.456259 -0.443782 -0.048010
0.489311 -0.559477 -0.052785
1030093072
-1
0
1030064704
1031206856 1031207824
0.489311 -0.559477 -0.052785
0.583745 -0.804036 -0.073463
0.680625 -1.045575 -0.082500
1030092632
-1
0
1030064704
1031206680 1031206944
0.680625 -1.045575 -0.082500
0.705156 -1.132600 -0.062356
0.722859 -1.219401 -0.024539
1030093160
-1
0
1030064704
1031208088 1031207912
0.722859 -1.219401 -0.024539
0.550841 -0.496248 -0.085542
0.378822 0.226905 -0.146544
1030093512
-1
0
1030065040
1031208264 1031208352
-0.378822 0.226905 -0.146544
-0.411232 0.459045 -0.214610
-0.439575 0.743745 -0.285185
1030092720
-1
0
1030065040
1031208440 1031207032
-0.439575 0.743745 -0.285185
-0.437633 0.807847 -0.291396
-0.418113 0.869086 -0.277860
1030092456
-1
0
1030065040
1031207296 1031208528
-0.418113 0.869086 -0.277860
-0.320907 1.104083 -0.206126
-0.219685 1.334090 -0.124016
1030093248
-1
0
1030065040
1031208616 1031208880
-0.219685 1.334090 -0.124016
-0.221497 1.340447 -0.116263
-0.224474 1.342700 -0.114133
1030092544
-1
0
1030065040
1031206328 1031206416
-0.224474 1.342700 -0.114133
-0.210194 1.354660 -0.208980
-0.199275 1.339770 -0.270159
1030093336
-1
0
1030065040
1031207472 1031207384
-0.199275 1.339770 -0.270159
-0.200547 1.282734 -0.244293
-0.205909 1.197659 -0.191412
1030092808
-1
0
1030065040
1031227296 1031226064
-0.205909 1.197659 -0.191412
-0.212355 1.089758 -0.186826
-0.204536 0.984264 -0.182235
1030092896
-1
0
1030065040
1031226856 1031226416
-0.204536 0.984264 -0.182235
-0.169957 0.905220 -0.140017
-0.134101 0.826982 -0.096478
1030095328
-1
0
1030065040
1031226592 1031225976
-0.134101 0.826982 -0.096478
-0.133498 0.746781 -0.085017
-0.134918 0.663928 -0.092132
1030094008
-1
0
1030065040
1031227560 1031226944
-0.134918 0.663928 -0.092132
-0.103166 0.617924 -0.097648
-0.093444 0.586783 -0.114734
1030096296
-1
0
1030065040
1031226240 1031227824
-0.093444 0.586783 -0.114734
-0.223409 0.519179 -0.206486
-0.375418 0.449341 -0.288586
1030095680
-1
0
1030065040
1031225888 1031225536
-0.375418 0.449341 -0.288586
-0.411730 0.410848 -0.298518
-0.420919 0.358553 -0.280762
1030095064
-1
0
1030065040
1031227032 1031225624
-0.420919 0.358553 -0.280762
-0.381304 0.000745 -0.090114
-0.329750 -0.362022 0.093914
1030094272
-1
0
1030065040
1031227736 1031226152
-0.329750 -0.362022 0.093914
-0.325375 -0.437363 0.115622
-0.332299 -0.513961 0.100210
1030095416
-1
0
1030065040
1031226328 1031227120
-0.332299 -0.513961 0.100210
-0.373103 -0.749623 -0.004821
-0.411371 -0.985932 -0.111644
1030096208
-1
0
1030065040
1031227208 1031226504
-0.411371 -0.985932 -0.111644
-0.413936 -1.077482 -0.125767
-0.408425 -1.173687 -0.123278
1030095592
-1
0
1030065040
1031226680 1031226768
-0.408425 -1.173687 -0.123278
-0.393623 -0.473391 -0.134911
-0.378822 0.226905 -0.146544
1030094360
-1
0
1030063584
1031227384 1031227472
0.313887 -1.296057 0.055410
0.286945 -1.220231 0.023230
0.268514 -1.123389 -0.001681
1030094712
-1
0
1030063584
1031227648 1031227912
0.268514 -1.123389 -0.001681
0.276175 -0.864831 -0.016764
0.283339 -0.603812 -0.020133
1030094536
-1
0
1030063584
1031228000 1031228088
0.283339 -0.603812 -0.020133
0.269080 -0.482595 -0.015908
0.233652 -0.370111 -0.033899
1030095768
-1
0
1030063584
1031225360 1031225448
0.233652 -0.370111 -0.033899
0.130054 -0.080713 -0.164519
0.012758 0.200443 -0.298897
1030094888
-1
0
1030063584
1031225712 1031225800
0.012758 0.200443 -0.298897
-0.021943 0.246635 -0.306871
-0.040105 0.282858 -0.281943
1030095504
-1
0
1030063584
1031230464 1031229408
-0.040105 0.282858 -0.281943
0.013612 0.350113 -0.178077
0.053832 0.397007 -0.082684
1030094448
-1
0
1030063584
1031230728 1031228792
0.053832 0.397007 -0.082684
0.001098 0.412502 -0.068422
-0.053359 0.400797 -0.095117
1030095856
-1
0
1030063584
1031229672 1031229760
-0.053359 0.400797 -0.095117
-0.022778 0.342476 -0.189160
0.024555 0.259639 -0.280358
1030096384
-1
0
1030063584
1031230640 1031228616
0.024555 0.259639 -0.280358
0.010061 0.216458 -0.296504
-0.014688 0.168327 -0.276608
1030095944
-1
0
1030063584
1031230816 1031228968
-0.014688 0.168327 -0.276608
-0.071545 -0.096404 -0.079700
-0.115426 -0.366102 0.110279
1030094096
-1
0
1030063584
1031230552 1031229232
-0.115426 -0.366102 0.110279
-0.125446 -0.438908 0.132384
-0.118534 -0.516350 0.115710
1030096032
-1
0
1030063584
1031228880 1031228704
-0.118534 -0.516350 0.115710
-0.051106 -0.751164 0.027819
0.015146 -0.986627 -0.062109
1030094976
-1
0
1030063584
1031229056 1031229848
0.015146 -0.986627 -0.062109
0.021177 -1.077934 -0.074824
0.014695 -1.173776 -0.074146
1030094184
-1
0
1030063584
1031229144 1031230904
0.014695 -1.173776 -0.074146
0.164291 -1.234917 -0.009368
0.313887 -1.296057 0.055410
1030093656
-1
0
1030064816
1031229320 1031230376
-0.448116 -1.207191 0.238321
-0.256727 -1.212288 0.319811
-0.029396 -1.206702 0.287708
1030096120
-1
0
1030064816
1031229496 1031228176
-0.029396 -1.206702 0.287708
0.060941 -1.190192 0.114610
0.014695 -1.173776 -0.074146
1030093744
-1
0
1030064816
1031229584 1031229936
0.014695 -1.173776 -0.074146
-0.188940 -1.167476 -0.166832
-0.408425 -1.173687 -0.123278
1030094800
-1
0
1030064816
1031230200 1031230024
-0.408425 -1.173687 -0.123278
-0.487657 -1.191223 0.058918
-0.448116 -1.207191 0.238321
1030094624
-1
0
1030064312
1031230112 1031230288
0.722859 -1.219401 -0.024539
0.522004 -1.274312 -0.041920
0.313887 -1.296057 0.055410
1030093832
-1
0
1030064312
1031228264 1031228440
0.313887 -1.296057 0.055410
0.271447 -1.250333 0.239190
0.361082 -1.179892 0.397387
1030095152
-1
0
1030064312
1031228352 1031228528
0.361082 -1.179892 0.397387
0.571941 -1.120752 0.421705
0.765948 -1.104838 0.317774
1030095240
-1
0
1030064312
1031232576 1031231960
0.765948 -1.104838 0.317774
0.799895 -1.154292 0.127477
0.722859 -1.219401 -0.024539
1030093920
-1
0
1030063640
1031232840 1031231520
0.393198 0.218698 -0.003880
0.516108 0.210804 0.011360
0.649957 0.205529 -0.030156
1030096824
-1
0
1030063640
1031232488 1031231080
0.649957 0.205529 -0.030156
0.675036 0.208731 -0.105009
0.635770 0.215065 -0.173222
1030097088
-1
0
1030063640
1031232928 1031233016
0.635770 0.215065 -0.173222
0.504117 0.222979 -0.192017
0.378822 0.226905 -0.146544
1030096736
-1
0
1030063640
1031232664 1031230992
0.378822 0.226905 -0.146544
0.358746 0.223983 -0.069828
0.393198 0.218698 -0.003880
1030097176
-1
0
1030063864
1031232752 1031232048
-0.378822 0.226905 -0.146544
-0.496320 0.223096 -0.186572
-0.635770 0.215066 -0.173222
1030096648
-1
0
1030063864
1031231256 1031231608
-0.635770 0.215066 -0.173222
-0.675036 0.208732 -0.105009
-0.649957 0.205530 -0.030156
1030096912
-1
0
1030063864
1031233104 1031231168
-0.649957 0.205530 -0.030156
-0.524822 0.210117 0.015101
-0.393198 0.218698 -0.003880
1030097264
-1
0
1030063864
1031231344 1031232400
-0.393198 0.218698 -0.003880
-0.358234 0.224300 -0.074929
-0.378822 0.226905 -0.146544

