Deformer
Deformer 0
952299128
0 41 18 1 18 5 2 0
952217352
952215192
952217712
952215552
952211592
952215912
952218432
952218072
952216272
952212672
952216992
952211232
952216632
952210872
952211952
952213032
952213392
952213752
952214112
952214472
952214832
952015432
952018672
952017592
952014712
952015072
952014352
952020112
952015792
952020472
952016872
952017952
952021552
952019032
952021192
952016152
952016512
952019392
952017232
952019752
952021912
952392248
952391288
952391160
952390712
952391864
952390840
952390904
952390968
952391544
952390776
952391928
952391032
952391992
952391672
952392440
952391096
952391416
952392312
952297488
815432072
815432344
952001768
951999864
951999048
952000136
951998912
951998776
951998640
952002176
951999184
952002040
952001224
951997960
952000952
951998232
951999728
952000408
852325496
852325752
852325624
852325784
852325816
1009814512
1009814792
1
0.000000 0.000000 0.000000
1.000000 0.000000 0.000000 0.000000 1.000000 0.000000 0.000000 0.000000 1.000000
0.000000 0.000000 0.000000
