Poses
5
Default 0
850682712
951875832
41
1
1.000000 1.000000 1.000000
1.000000 1.000000 1.000000
0.000000 0.000000 0.000000
1.000000 0.000000 0.000000 0.000000 1.000000 0.000000 0.000000 0.000000 1.000000
1.000000 0.000000 0.000000 0.000000 1.000000 0.000000 0.000000 0.000000 1.000000
1.000000 0.000000 0.000000 0.000000 1.000000 0.000000 0.000000 0.000000 1.000000
2.681816 -2.167676 0.000000
0.000000 0.000000 0.000000
4
1
1.000000 1.000000 1.000000
1.000000 1.000000 1.000000
0.000000 0.000000 0.000000
0.197258 0.943017 -0.267972 -0.187523 -0.232001 -0.954469 -0.962250 0.238528 0.131073
1.000000 0.000000 0.000000 0.000000 1.000000 0.000000 0.000000 0.000000 1.000000
0.197258 -0.187523 -0.962250 0.943017 -0.232001 0.238528 -0.267972 -0.954469 0.131073
2.681816 -2.167676 0.000000
2.681816 -2.167676 0.000000
0
1
1.000000 1.000000 1.000000
1.000000 1.000000 1.000000
0.000000 0.000000 0.000000
0.197258 0.943017 -0.267972 -0.187523 -0.232001 -0.954469 -0.962250 0.238528 0.131073
0.197258 -0.187523 -0.962251 0.943018 -0.232001 0.238529 -0.267972 -0.954469 0.131073
0.197258 -0.187523 -0.962250 0.943017 -0.232001 0.238528 -0.267972 -0.954469 0.131073
0.033515 -1.511201 0.360740
0.033515 -1.511201 0.360740
1
1
1.000000 1.000000 1.000000
1.000000 1.000000 1.000000
0.000000 0.000000 0.000000
0.635448 0.686160 0.354105 -0.005976 0.462957 -0.886361 -0.772121 0.561120 0.298285
0.197258 -0.187523 -0.962251 0.943018 -0.232001 0.238529 -0.267972 -0.954469 0.131073
0.635448 -0.005976 -0.772121 0.686160 0.462957 0.561120 0.354105 -0.886361 0.298285
0.033515 -1.511201 0.360740
0.033515 -1.511201 0.360740
0
1
1.000000 1.000000 1.000000
1.000000 1.000000 1.000000
0.000000 0.000000 0.000000
0.635448 0.686160 0.354105 -0.005976 0.462957 -0.886361 -0.772121 0.561120 0.298285
0.635448 -0.005976 -0.772122 0.686160 0.462958 0.561120 0.354105 -0.886361 0.298285
0.635448 -0.005976 -0.772121 0.686160 0.462957 0.561120 0.354105 -0.886361 0.298285
-1.596387 -0.326710 0.990402
-1.596387 -0.326710 0.990402
1
1
1.000000 1.000000 1.000000
1.000000 1.000000 1.000000
0.000000 0.000000 0.000000
0.453000 0.144625 -0.879701 -0.647209 -0.625268 -0.436074 -0.613116 0.766892 -0.189644
0.635448 -0.005976 -0.772122 0.686160 0.462958 0.561120 0.354105 -0.886361 0.298285
0.453000 -0.647209 -0.613116 0.144625 -0.625268 0.766892 -0.879701 -0.436074 -0.189644
-1.596387 -0.326710 0.990402
-1.596387 -0.326710 0.990402
0
1
1.000000 1.000000 1.000000
1.000000 1.000000 1.000000
0.000000 0.000000 0.000000
0.453000 0.144625 -0.879701 -0.647209 -0.625268 -0.436074 -0.613116 0.766892 -0.189644
0.453000 -0.647209 -0.613116 0.144625 -0.625268 0.766892 -0.879700 -0.436074 -0.189644
0.453000 -0.647209 -0.613116 0.144625 -0.625268 0.766892 -0.879701 -0.436074 -0.189644
-3.054959 1.497687 0.539249
-3.054959 1.497688 0.539249
1
1
1.000000 1.000000 1.000000
1.000000 1.000000 1.000000
0.000000 0.000000 0.000000
-0.266471 -0.960047 -0.085458 -0.298054 -0.002240 0.954546 -0.916601 0.279830 -0.285549
0.453000 -0.647209 -0.613116 0.144625 -0.625268 0.766892 -0.879700 -0.436074 -0.189644
-0.266471 -0.298054 -0.916601 -0.960047 -0.002240 0.279830 -0.085458 0.954546 -0.285549
-3.054959 1.497687 0.539249
-3.054959 1.497688 0.539249
0
1
1.000000 1.000000 1.000000
1.000000 1.000000 1.000000
0.000000 0.000000 0.000000
-0.266471 -0.960047 -0.085458 -0.298054 -0.002240 0.954546 -0.916601 0.279830 -0.285549
-0.266471 -0.298054 -0.916601 -0.960047 -0.002240 0.279830 -0.085458 0.954545 -0.285549
-0.266471 -0.298054 -0.916601 -0.960047 -0.002240 0.279830 -0.085458 0.954546 -0.285549
-4.641057 1.981908 0.045131
-4.641057 1.981909 0.045131
1
1
1.000000 1.000000 1.000000
1.000000 1.000000 1.000000
0.000000 0.000000 0.000000
0.439166 0.640585 0.629908 0.334282 0.534284 -0.776399 -0.833899 0.551536 0.020504
-0.266471 -0.298054 -0.916601 -0.960047 -0.002240 0.279830 -0.085458 0.954545 -0.285549
0.439166 0.334282 -0.833899 0.640585 0.534284 0.551536 0.629908 -0.776399 0.020504
-4.641057 1.981908 0.045131
-4.641057 1.981909 0.045131
0
1
1.000000 1.000000 1.000000
1.000000 1.000000 1.000000
0.000000 0.000000 0.000000
0.439166 0.640585 0.629908 0.334282 0.534284 -0.776399 -0.833899 0.551536 0.020504
0.439165 0.334281 -0.833898 0.640585 0.534283 0.551537 0.629908 -0.776399 0.020505
0.439166 0.334282 -0.833899 0.640585 0.534284 0.551536 0.629908 -0.776399 0.020504
-7.181239 3.661968 0.107589
-7.181239 3.661968 0.107589
1
1
1.000000 1.000000 1.000000
1.000000 1.000000 1.000000
0.000000 0.000000 0.000000
0.810259 0.518173 0.273822 0.136029 0.288181 -0.947865 -0.570068 0.805263 0.163015
0.439165 0.334281 -0.833898 0.640585 0.534283 0.551537 0.629908 -0.776399 0.020505
0.810259 0.136029 -0.570068 0.518173 0.288181 0.805263 0.273822 -0.947865 0.163015
-7.181239 3.661968 0.107589
-7.181239 3.661968 0.107589
0
1
1.000000 1.000000 1.000000
1.000000 1.000000 1.000000
0.000000 0.000000 0.000000
0.810259 0.518173 0.273822 0.136029 0.288181 -0.947865 -0.570068 0.805263 0.163015
0.810260 0.136029 -0.570068 0.518174 0.288181 0.805263 0.273822 -0.947865 0.163015
0.810259 0.136029 -0.570068 0.518173 0.288181 0.805263 0.273822 -0.947865 0.163015
-8.485321 5.504082 0.480500
-8.485321 5.504082 0.480500
1
1
1.000000 1.000000 1.000000
1.000000 1.000000 1.000000
0.000000 0.000000 0.000000
0.426068 -0.811115 0.400697 -0.175359 0.360467 0.916140 -0.887533 -0.460604 0.011348
-0.266471 -0.298054 -0.916601 -0.960047 -0.002240 0.279830 -0.085458 0.954545 -0.285549
0.426068 -0.175359 -0.887533 -0.811115 0.360467 -0.460604 0.400697 0.916140 0.011348
-4.641057 1.981908 0.045131
-4.641057 1.981909 0.045131
0
1
1.000000 1.000000 1.000000
1.000000 1.000000 1.000000
0.000000 0.000000 0.000000
0.426068 -0.811115 0.400697 -0.175359 0.360467 0.916140 -0.887533 -0.460604 0.011348
0.426067 -0.175360 -0.887533 -0.811115 0.360467 -0.460604 0.400696 0.916140 0.011349
0.426068 -0.175359 -0.887533 -0.811115 0.360467 -0.460604 0.400697 0.916140 0.011348
-6.614439 0.957780 0.070362
-6.614439 0.957780 0.070362
1
1
1.000000 1.000000 1.000000
1.000000 1.000000 1.000000
0.000000 0.000000 0.000000
0.597025 -0.800161 0.057484 -0.017626 0.058554 0.998129 -0.802029 -0.596921 0.020854
0.426067 -0.175360 -0.887533 -0.811115 0.360467 -0.460604 0.400696 0.916140 0.011349
0.597025 -0.017626 -0.802029 -0.800161 0.058554 -0.596921 0.057484 0.998129 0.020854
-6.614439 0.957780 0.070362
-6.614439 0.957780 0.070362
0
1
1.000000 1.000000 1.000000
1.000000 1.000000 1.000000
0.000000 0.000000 0.000000
0.597025 -0.800161 0.057484 -0.017626 0.058554 0.998129 -0.802029 -0.596921 0.020854
0.597025 -0.017625 -0.802029 -0.800162 0.058554 -0.596921 0.057485 0.998130 0.020853
0.597025 -0.017626 -0.802029 -0.800161 0.058554 -0.596921 0.057484 0.998129 0.020854
-8.305048 -0.300479 0.114321
-8.305048 -0.300479 0.114321
1
1
1.000000 1.000000 1.000000
1.000000 1.000000 1.000000
0.000000 0.000000 0.000000
0.170884 0.982113 -0.079074 0.038791 -0.086898 -0.995462 -0.984527 0.167041 -0.052946
0.597025 -0.017625 -0.802029 -0.800162 0.058554 -0.596921 0.057485 0.998130 0.020853
0.170884 0.038791 -0.984527 0.982113 -0.086898 0.167041 -0.079074 -0.995462 -0.052946
-8.305048 -0.300479 0.114321
-8.305048 -0.300479 0.114321
0
1
1.000000 1.000000 1.000000
1.000000 1.000000 1.000000
0.000000 0.000000 0.000000
0.170884 0.982113 -0.079074 0.038791 -0.086898 -0.995462 -0.984527 0.167041 -0.052946
0.170884 0.038792 -0.984526 0.982113 -0.086898 0.167041 -0.079074 -0.995463 -0.052945
0.170884 0.038791 -0.984527 0.982113 -0.086898 0.167041 -0.079074 -0.995462 -0.052946
-10.430831 0.060194 0.000000
-10.430830 0.060194 0.000000
1
1
1.000000 1.000000 1.000000
1.000000 1.000000 1.000000
0.000000 0.000000 0.000000
0.312216 -0.841202 -0.441475 -0.240066 0.379763 -0.893391 0.919179 0.384914 -0.083376
-0.535131 0.000000 -0.844769 -0.208326 0.969116 0.131967 0.818679 0.246607 -0.518604
0.312216 -0.240066 0.919179 -0.841202 0.379763 0.384914 -0.441475 -0.893391 -0.083376
-1.596387 -0.326710 0.990402
0.000000 0.000000 0.000000
2
1
1.000000 1.000000 1.000000
1.000000 1.000000 1.000000
0.000000 0.000000 0.000000
-0.742966 0.589981 -0.316108 -0.080263 0.390336 0.917167 0.664499 0.706796 -0.242653
0.312216 -0.240066 0.919179 -0.841202 0.379763 0.384914 -0.441475 -0.893391 -0.083376
-0.742966 -0.080263 0.664499 0.589981 0.390336 0.706796 -0.316108 0.917167 -0.242653
-1.596387 -0.326710 0.990402
-1.596387 -0.326710 0.990402
0
1
1.000000 1.000000 1.000000
1.000000 1.000000 1.000000
0.000000 0.000000 0.000000
-0.742966 0.589981 -0.316108 -0.080263 0.390336 0.917167 0.664499 0.706796 -0.242653
-0.742966 -0.080263 0.664499 0.589981 0.390336 0.706796 -0.316108 0.917167 -0.242653
-0.742966 -0.080263 0.664499 0.589981 0.390336 0.706796 -0.316108 0.917167 -0.242653
0.367258 1.761925 0.273345
0.367258 1.761925 0.273345
1
1
1.000000 1.000000 1.000000
1.000000 1.000000 1.000000
0.000000 0.000000 0.000000
-0.716334 0.684662 -0.134548 0.005734 0.198598 0.980064 0.697734 0.701282 -0.146189
-0.742966 -0.080263 0.664499 0.589981 0.390336 0.706796 -0.316108 0.917167 -0.242653
-0.716334 0.005734 0.697734 0.684662 0.198598 0.701282 -0.134548 0.980064 -0.146189
0.367258 1.761925 0.273345
0.367258 1.761925 0.273345
0
1
1.000000 1.000000 1.000000
1.000000 1.000000 1.000000
0.000000 0.000000 0.000000
-0.716334 0.684662 -0.134548 0.005734 0.198598 0.980064 0.697734 0.701282 -0.146189
-0.716334 0.005734 0.697734 0.684662 0.198597 0.701282 -0.134548 0.980064 -0.146189
-0.716334 0.005734 0.697734 0.684662 0.198598 0.701282 -0.134548 0.980064 -0.146189
2.023031 3.426118 -0.073571
2.023031 3.426119 -0.073571
1
1
1.000000 1.000000 1.000000
1.000000 1.000000 1.000000
0.000000 0.000000 0.000000
-0.464036 0.816753 0.342907 0.202099 -0.279283 0.938700 0.862454 0.504891 -0.035468
-0.716334 0.005734 0.697734 0.684662 0.198597 0.701282 -0.134548 0.980064 -0.146189
-0.464036 0.202099 0.862454 0.816753 -0.279283 0.504891 0.342907 0.938700 -0.035468
2.023031 3.426118 -0.073571
2.023031 3.426119 -0.073571
0
1
1.000000 1.000000 1.000000
1.000000 1.000000 1.000000
0.000000 0.000000 0.000000
-0.464036 0.816753 0.342907 0.202099 -0.279283 0.938700 0.862454 0.504891 -0.035468
-0.464037 0.202099 0.862454 0.816753 -0.279284 0.504891 0.342906 0.938699 -0.035469
-0.464036 0.202099 0.862454 0.816753 -0.279283 0.504891 0.342907 0.938700 -0.035468
3.502333 4.292120 -0.134406
3.502333 4.292121 -0.134406
1
1
1.000000 1.000000 1.000000
1.000000 1.000000 1.000000
0.000000 0.000000 0.000000
0.792053 -0.603430 0.092329 -0.036858 -0.198243 -0.979460 0.609339 0.772381 -0.179260
-0.978090 0.201985 -0.050419 -0.008662 0.202488 0.979246 0.208003 0.958226 -0.196303
0.792053 -0.036858 0.609339 -0.603430 -0.198243 0.772381 0.092329 -0.979460 -0.179260
3.502333 4.292120 -0.134406
3.502333 4.292121 -0.134406
0
1
1.000000 1.000000 1.000000
1.000000 1.000000 1.000000
0.000000 0.000000 0.000000
0.792053 -0.603430 0.092329 -0.036858 -0.198243 -0.979460 0.609339 0.772381 -0.179260
0.792052 -0.036858 0.609339 -0.603430 -0.198243 0.772381 0.092329 -0.979459 -0.179260
0.792053 -0.036858 0.609339 -0.603430 -0.198243 0.772381 0.092329 -0.979460 -0.179260
4.800833 5.938061 -0.516409
4.800833 5.938061 -0.516409
1
1
1.000000 1.000000 1.000000
1.000000 1.000000 1.000000
0.000000 0.000000 0.000000
-0.794580 -0.280301 -0.538586 -0.587316 0.129904 0.798865 -0.153958 0.951082 -0.267844
0.792052 -0.036858 0.609339 -0.603430 -0.198243 0.772381 0.092329 -0.979459 -0.179260
-0.794580 -0.587316 -0.153958 -0.280301 0.129904 0.951082 -0.538586 0.798865 -0.267844
4.800833 5.938061 -0.516409
4.800833 5.938061 -0.516409
0
1
1.000000 1.000000 1.000000
1.000000 1.000000 1.000000
0.000000 0.000000 0.000000
-0.794580 -0.280301 -0.538586 -0.587316 0.129904 0.798865 -0.153958 0.951082 -0.267844
-0.794580 -0.587317 -0.153959 -0.280300 0.129904 0.951082 -0.538585 0.798864 -0.267844
-0.794580 -0.587316 -0.153958 -0.280301 0.129904 0.951082 -0.538586 0.798865 -0.267844
4.642588 6.915625 -0.791711
4.642588 6.915625 -0.791711
1
1
1.000000 1.000000 1.000000
1.000000 1.000000 1.000000
0.000000 0.000000 0.000000
-0.604615 -0.765584 0.219822 0.100400 0.200527 0.974530 -0.790165 0.611285 -0.044377
-0.794580 -0.587317 -0.153959 -0.280300 0.129904 0.951082 -0.538585 0.798864 -0.267844
-0.604615 0.100400 -0.790165 -0.765584 0.200527 0.611285 0.219822 0.974530 -0.044377
4.642588 6.915625 -0.791711
4.642588 6.915625 -0.791711
0
1
1.000000 1.000000 1.000000
1.000000 1.000000 1.000000
0.000000 0.000000 0.000000
-0.604615 -0.765584 0.219822 0.100400 0.200527 0.974530 -0.790165 0.611285 -0.044377
-0.604615 0.100399 -0.790165 -0.765584 0.200527 0.611285 0.219821 0.974529 -0.044376
-0.604615 0.100400 -0.790165 -0.765584 0.200527 0.611285 0.219822 0.974530 -0.044377
3.314351 7.943172 -0.866307
3.314351 7.943172 -0.866307
1
1
1.000000 1.000000 1.000000
1.000000 1.000000 1.000000
0.000000 0.000000 0.000000
-0.391292 -0.817575 0.422447 0.134030 -0.504783 -0.852778 0.910454 -0.277064 0.307097
-0.464037 0.202099 0.862454 0.816753 -0.279284 0.504891 0.342906 0.938699 -0.035469
-0.391292 0.134030 0.910454 -0.817575 -0.504783 -0.277064 0.422447 -0.852778 0.307097
3.502333 4.292120 -0.134406
3.502333 4.292121 -0.134406
0
1
1.000000 1.000000 1.000000
1.000000 1.000000 1.000000
0.000000 0.000000 0.000000
-0.391292 -0.817575 0.422447 0.134030 -0.504783 -0.852778 0.910454 -0.277064 0.307097
-0.391291 0.134029 0.910454 -0.817575 -0.504783 -0.277064 0.422447 -0.852778 0.307097
-0.391292 0.134030 0.910454 -0.817575 -0.504783 -0.277064 0.422447 -0.852778 0.307097
5.334830 3.734465 0.483696
5.334830 3.734465 0.483696
1
1
1.000000 1.000000 1.000000
1.000000 1.000000 1.000000
0.000000 0.000000 0.000000
-0.064822 -0.935965 0.346074 0.061735 -0.349900 -0.934751 0.995985 -0.039227 0.080463
-0.391291 0.134029 0.910454 -0.817575 -0.504783 -0.277064 0.422447 -0.852778 0.307097
-0.064822 0.061735 0.995985 -0.935965 -0.349900 -0.039227 0.346074 -0.934751 0.080463
5.334830 3.734465 0.483696
5.334830 3.734465 0.483696
0
1
1.000000 1.000000 1.000000
1.000000 1.000000 1.000000
0.000000 0.000000 0.000000
-0.064822 -0.935965 0.346074 0.061735 -0.349900 -0.934751 0.995985 -0.039227 0.080463
-0.064821 0.061736 0.995984 -0.935965 -0.349900 -0.039228 0.346074 -0.934751 0.080463
-0.064822 0.061735 0.995985 -0.935965 -0.349900 -0.039227 0.346074 -0.934751 0.080463
6.880498 3.673588 0.608567
6.880498 3.673588 0.608567
1
1
1.000000 1.000000 1.000000
1.000000 1.000000 1.000000
0.000000 0.000000 0.000000
0.013666 -0.755374 -0.655152 -0.323342 0.616671 -0.717751 0.946184 0.221647 -0.235816
-0.064821 0.061736 0.995984 -0.935965 -0.349900 -0.039228 0.346074 -0.934751 0.080463
0.013666 -0.323342 0.946184 -0.755374 0.616671 0.221647 -0.655152 -0.717751 -0.235816
6.880498 3.673588 0.608567
6.880498 3.673588 0.608567
0
1
1.000000 1.000000 1.000000
1.000000 1.000000 1.000000
0.000000 0.000000 0.000000
0.013666 -0.755374 -0.655152 -0.323342 0.616671 -0.717751 0.946184 0.221647 -0.235816
0.013667 -0.323341 0.946183 -0.755374 0.616671 0.221647 -0.655152 -0.717751 -0.235817
0.013666 -0.323342 0.946184 -0.755374 0.616671 0.221647 -0.655152 -0.717751 -0.235816
9.322296 4.245588 0.000000
9.322296 4.245588 0.000000
1
1
1.000000 1.000000 1.000000
1.000000 1.000000 1.000000
0.000000 0.000000 0.000000
0.312216 -0.841202 -0.441475 -0.240066 0.379763 -0.893391 0.919179 0.384914 -0.083376
1.000000 -0.000000 -0.000000 -0.000000 1.000000 -0.000000 -0.000000 -0.000000 1.000000
0.312216 -0.240066 0.919179 -0.841202 0.379763 0.384914 -0.441475 -0.893391 -0.083376
9.322296 4.245588 0.000000
0.000000 0.000000 0.000000
3
1
1.000000 1.000000 1.000000
1.000000 1.000000 1.000000
0.000000 0.000000 0.000000
-0.978090 -0.008662 0.208003 0.201985 0.202489 0.958228 -0.050418 0.979246 -0.196303
0.518119 -0.000000 -0.855308 0.400238 0.883757 0.242452 0.755885 -0.467946 0.457892
-0.978090 0.201985 -0.050418 -0.008662 0.202489 0.979246 0.208003 0.958228 -0.196303
3.502333 4.292120 -0.134406
0.000000 0.000000 0.000000
2
1
1.000000 1.000000 1.000000
1.000000 1.000000 1.000000
0.000000 0.000000 0.000000
-0.978090 -0.008662 0.208003 0.201985 0.202489 0.958228 -0.050418 0.979246 -0.196303
1.000000 -0.000000 0.000000 -0.000000 1.000000 0.000000 0.000000 0.000000 1.000000
-0.978090 0.201985 -0.050418 -0.008662 0.202489 0.979246 0.208003 0.958228 -0.196303
3.314351 7.943172 -0.866307
0.000000 0.000000 0.000000
3
Pose 1
850684312
951875832
41
1
1.000000 1.000000 1.000000
1.000000 1.000000 1.000000
0.506394 -0.864902 0.000000
0.632296 0.000000 0.774727 -0.332832 0.903013 0.271642 -0.699588 -0.429612 0.570972
1.000000 0.000000 0.000000 0.000000 1.000000 0.000000 0.000000 0.000000 1.000000
1.000000 0.000000 0.000000 0.000000 1.000000 0.000000 0.000000 0.000000 1.000000
2.681816 -2.167676 0.000000
0.000000 0.000000 0.000000
4
1
1.000000 1.000000 1.000000
1.000000 1.000000 1.000000
0.000000 0.000000 0.000000
-0.001671 0.966681 0.255980 0.626383 0.200552 -0.753276 -0.779514 0.159083 -0.605847
1.000000 0.000000 0.000000 0.000000 1.000000 0.000000 0.000000 0.000000 1.000000
0.197258 -0.187523 -0.962250 0.943017 -0.232001 0.238528 -0.267972 -0.954469 0.131073
2.681816 -2.167676 0.000000
0.000000 0.000000 0.000000
0
1
1.000000 1.000000 1.000000
1.000000 1.000000 1.000000
0.000000 0.000000 0.000000
-0.001671 0.966681 0.255980 0.626383 0.200552 -0.753276 -0.779514 0.159083 -0.605847
0.197258 -0.187523 -0.962251 0.943018 -0.232001 0.238529 -0.267972 -0.954469 0.131073
0.197258 -0.187523 -0.962250 0.943017 -0.232001 0.238528 -0.267972 -0.954469 0.131073
0.536439 -1.729849 -1.667410
0.000000 0.000000 0.000000
1
1
1.000000 1.000000 1.000000
1.000000 1.000000 1.000000
0.000000 0.000000 0.000000
-0.074313 0.467484 0.880873 0.462222 0.798848 -0.384959 -0.883646 0.378553 -0.275447
0.197258 -0.187523 -0.962251 0.943018 -0.232001 0.238529 -0.267972 -0.954469 0.131073
0.635448 -0.005976 -0.772121 0.686160 0.462957 0.561120 0.354105 -0.886361 0.298285
0.536439 -1.729849 -1.667410
0.000000 0.000000 0.000000
0
1
1.000000 1.000000 1.000000
1.000000 1.000000 1.000000
0.000000 0.000000 0.000000
-0.074313 0.467484 0.880873 0.462222 0.798848 -0.384959 -0.883646 0.378553 -0.275447
0.635448 -0.005976 -0.772122 0.686160 0.462958 0.561120 0.354105 -0.886361 0.298285
0.635448 -0.005976 -0.772121 0.686160 0.462957 0.561120 0.354105 -0.886361 0.298285
-1.328883 -0.930748 -2.248861
0.000000 0.000000 0.000000
1
1
1.000000 1.000000 1.000000
1.000000 1.000000 1.000000
0.000000 0.000000 0.000000
0.853723 0.508529 -0.112047 0.103953 -0.377283 -0.920246 -0.510246 0.773989 -0.374959
0.635448 -0.005976 -0.772122 0.686160 0.462958 0.561120 0.354105 -0.886361 0.298285
0.453000 -0.647209 -0.613116 0.144625 -0.625268 0.766892 -0.879701 -0.436074 -0.189644
-1.328883 -0.930748 -2.248861
0.000000 0.000000 0.000000
0
1
1.000000 1.000000 1.000000
1.000000 1.000000 1.000000
0.000000 0.000000 0.000000
0.853723 0.508529 -0.112047 0.103953 -0.377283 -0.920246 -0.510246 0.773989 -0.374959
0.453000 -0.647209 -0.613116 0.144625 -0.625268 0.766892 -0.879700 -0.436074 -0.189644
0.453000 -0.647209 -0.613116 0.144625 -0.625268 0.766892 -0.879701 -0.436074 -0.189644
-2.542729 0.910528 -3.140868
0.000000 0.000000 0.000000
1
1
1.000000 1.000000 1.000000
1.000000 1.000000 1.000000
0.000000 0.000000 0.000000
0.210831 -0.830223 -0.516026 -0.855502 -0.412108 0.313500 -0.472934 0.375366 -0.797143
0.453000 -0.647209 -0.613116 0.144625 -0.625268 0.766892 -0.879700 -0.436074 -0.189644
-0.266471 -0.298054 -0.916601 -0.960047 -0.002240 0.279830 -0.085458 0.954546 -0.285549
-2.542729 0.910528 -3.140868
0.000000 0.000000 0.000000
0
1
1.000000 1.000000 1.000000
1.000000 1.000000 1.000000
0.000000 0.000000 0.000000
0.210831 -0.830223 -0.516026 -0.855502 -0.412108 0.313500 -0.472934 0.375366 -0.797143
-0.266471 -0.298054 -0.916601 -0.960047 -0.002240 0.279830 -0.085458 0.954545 -0.285549
-0.266471 -0.298054 -0.916601 -0.960047 -0.002240 0.279830 -0.085458 0.954546 -0.285549
-3.361098 1.560065 -4.520253
0.000000 0.000000 0.000000
1
1
1.000000 1.000000 1.000000
1.000000 1.000000 1.000000
0.000000 0.000000 0.000000
-0.376200 0.307841 0.873904 0.576697 0.816017 -0.039190 -0.725185 0.489237 -0.484517
-0.266471 -0.298054 -0.916601 -0.960047 -0.002240 0.279830 -0.085458 0.954545 -0.285549
0.439166 0.334282 -0.833899 0.640585 0.534284 0.551536 0.629908 -0.776399 0.020504
-3.361098 1.560065 -4.520253
0.000000 0.000000 0.000000
0
1
1.000000 1.000000 1.000000
1.000000 1.000000 1.000000
0.000000 0.000000 0.000000
-0.376200 0.307841 0.873904 0.576697 0.816017 -0.039190 -0.725185 0.489237 -0.484517
0.439165 0.334281 -0.833898 0.640585 0.534283 0.551537 0.629908 -0.776399 0.020505
0.439166 0.334282 -0.833899 0.640585 0.534284 0.551536 0.629908 -0.776399 0.020504
-5.570119 3.050350 -5.996162
0.000000 0.000000 0.000000
1
1
1.000000 1.000000 1.000000
1.000000 1.000000 1.000000
0.000000 0.000000 0.000000
0.148296 0.350280 0.924832 0.653209 0.667445 -0.357537 -0.742514 0.657132 -0.129826
0.439165 0.334281 -0.833898 0.640585 0.534283 0.551537 0.629908 -0.776399 0.020505
0.810259 0.136029 -0.570068 0.518173 0.288181 0.805263 0.273822 -0.947865 0.163015
-5.570119 3.050350 -5.996162
0.000000 0.000000 0.000000
0
1
1.000000 1.000000 1.000000
1.000000 1.000000 1.000000
0.000000 0.000000 0.000000
0.148296 0.350280 0.924832 0.653209 0.667445 -0.357537 -0.742514 0.657132 -0.129826
0.810260 0.136029 -0.570068 0.518174 0.288181 0.805263 0.273822 -0.947865 0.163015
0.810259 0.136029 -0.570068 0.518173 0.288181 0.805263 0.273822 -0.947865 0.163015
-7.268684 4.553596 -6.293151
0.000000 0.000000 0.000000
1
1
1.000000 1.000000 1.000000
1.000000 1.000000 1.000000
0.000000 0.000000 0.000000
0.259045 -0.904593 0.338540 -0.871774 -0.068078 0.485153 -0.415819 -0.420807 -0.806237
-0.266471 -0.298054 -0.916601 -0.960047 -0.002240 0.279830 -0.085458 0.954545 -0.285549
0.426068 -0.175359 -0.887533 -0.811115 0.360467 -0.460604 0.400697 0.916140 0.011348
-3.361098 1.560065 -4.520253
0.000000 0.000000 0.000000
0
1
1.000000 1.000000 1.000000
1.000000 1.000000 1.000000
0.000000 0.000000 0.000000
0.259045 -0.904593 0.338540 -0.871774 -0.068078 0.485153 -0.415819 -0.420807 -0.806237
0.426067 -0.175360 -0.887533 -0.811115 0.360467 -0.460604 0.400696 0.916140 0.011349
0.426068 -0.175359 -0.887533 -0.811115 0.360467 -0.460604 0.400697 0.916140 0.011348
-4.285649 0.624424 -6.312875
0.000000 0.000000 0.000000
1
1
1.000000 1.000000 1.000000
1.000000 1.000000 1.000000
0.000000 0.000000 0.000000
0.603602 -0.747253 0.277996 -0.728912 -0.375933 0.572153 -0.323035 -0.547988 -0.771596
0.426067 -0.175360 -0.887533 -0.811115 0.360467 -0.460604 0.400696 0.916140 0.011349
0.597025 -0.017626 -0.802029 -0.800161 0.058554 -0.596921 0.057484 0.998129 0.020854
-4.285649 0.624424 -6.312875
0.000000 0.000000 0.000000
0
1
1.000000 1.000000 1.000000
1.000000 1.000000 1.000000
0.000000 0.000000 0.000000
0.603602 -0.747253 0.277996 -0.728912 -0.375933 0.572153 -0.323035 -0.547988 -0.771596
0.597025 -0.017625 -0.802029 -0.800162 0.058554 -0.596921 0.057485 0.998130 0.020853
0.597025 -0.017626 -0.802029 -0.800161 0.058554 -0.596921 0.057484 0.998129 0.020854
-4.966579 -0.530686 -7.939332
0.000000 0.000000 0.000000
1
1
1.000000 1.000000 1.000000
1.000000 1.000000 1.000000
0.000000 0.000000 0.000000
-0.163511 0.920835 0.354023 0.749862 0.349193 -0.561934 -0.641070 0.173588 -0.747596
0.597025 -0.017625 -0.802029 -0.800162 0.058554 -0.596921 0.057485 0.998130 0.020853
0.170884 0.038791 -0.984527 0.982113 -0.086898 0.167041 -0.079074 -0.995462 -0.052946
-4.966579 -0.530686 -7.939332
0.000000 0.000000 0.000000
0
1
1.000000 1.000000 1.000000
1.000000 1.000000 1.000000
0.000000 0.000000 0.000000
-0.163511 0.920835 0.354023 0.749862 0.349193 -0.561934 -0.641070 0.173588 -0.747596
0.170884 0.038792 -0.984526 0.982113 -0.086898 0.167041 -0.079074 -0.995463 -0.052945
0.170884 0.038791 -0.984527 0.982113 -0.086898 0.167041 -0.079074 -0.995462 -0.052946
-6.350770 -0.155879 -9.553533
0.000000 0.000000 0.000000
1
1
1.000000 1.000000 1.000000
1.000000 1.000000 1.000000
0.000000 0.000000 0.000000
0.786244 -0.569955 -0.238693 0.346816 0.726744 -0.592928 0.511411 0.383402 0.769067
-0.535131 0.000000 -0.844769 -0.208326 0.969116 0.131967 0.818679 0.246607 -0.518604
0.312216 -0.240066 0.919179 -0.841202 0.379763 0.384914 -0.441475 -0.893391 -0.083376
-1.328883 -0.930748 -2.248861
0.000000 0.000000 0.000000
2
1
1.000000 1.000000 1.000000
1.000000 1.000000 1.000000
0.000000 0.000000 0.000000
-0.420951 0.719522 -0.553198 -0.822838 -0.045230 0.567302 0.382807 0.693347 0.610515
0.312216 -0.240066 0.919179 -0.841202 0.379763 0.384914 -0.441475 -0.893391 -0.083376
-0.742966 -0.080263 0.664499 0.589981 0.390336 0.706796 -0.316108 0.917167 -0.242653
-1.328883 -0.930748 -2.248861
0.000000 0.000000 0.000000
0
1
1.000000 1.000000 1.000000
1.000000 1.000000 1.000000
0.000000 0.000000 0.000000
-0.420951 0.719522 -0.553198 -0.822838 -0.045230 0.567302 0.382807 0.693347 0.610515
-0.742966 -0.080263 0.664499 0.589981 0.390336 0.706796 -0.316108 0.917167 -0.242653
-0.742966 -0.080263 0.664499 0.589981 0.390336 0.706796 -0.316108 0.917167 -0.242653
-0.199388 1.115014 -0.447500
0.000000 0.000000 0.000000
1
1
1.000000 1.000000 1.000000
1.000000 1.000000 1.000000
0.000000 0.000000 0.000000
-0.566378 0.719618 -0.402872 -0.750544 -0.247194 0.613611 0.341660 0.649299 0.679469
-0.742966 -0.080263 0.664499 0.589981 0.390336 0.706796 -0.316108 0.917167 -0.242653
-0.716334 0.005734 0.697734 0.684662 0.198598 0.701282 -0.134548 0.980064 -0.146189
-0.199388 1.115014 -0.447500
0.000000 0.000000 0.000000
0
1
1.000000 1.000000 1.000000
1.000000 1.000000 1.000000
0.000000 0.000000 0.000000
-0.566378 0.719618 -0.402872 -0.750544 -0.247194 0.613611 0.341660 0.649299 0.679469
-0.716334 0.005734 0.697734 0.684662 0.198597 0.701282 -0.134548 0.980064 -0.146189
-0.716334 0.005734 0.697734 0.684662 0.198598 0.701282 -0.134548 0.980064 -0.146189
0.610100 2.653383 1.162350
0.000000 0.000000 0.000000
1
1
1.000000 1.000000 1.000000
1.000000 1.000000 1.000000
0.000000 0.000000 0.000000
-0.793262 0.603952 0.083176 -0.442284 -0.664050 0.603624 0.419402 0.441635 0.793133
-0.716334 0.005734 0.697734 0.684662 0.198597 0.701282 -0.134548 0.980064 -0.146189
-0.464036 0.202099 0.862454 0.816753 -0.279283 0.504891 0.342907 0.938700 -0.035468
0.610100 2.653383 1.162350
0.000000 0.000000 0.000000
0
1
1.000000 1.000000 1.000000
1.000000 1.000000 1.000000
0.000000 0.000000 0.000000
-0.793262 0.603952 0.083176 -0.442284 -0.664050 0.603624 0.419402 0.441635 0.793133
-0.464037 0.202099 0.862454 0.816753 -0.279284 0.504891 0.342906 0.938699 -0.035469
-0.464036 0.202099 0.862454 0.816753 -0.279283 0.504891 0.342907 0.938700 -0.035468
1.328143 3.409491 2.520245
0.000000 0.000000 0.000000
1
1
1.000000 1.000000 1.000000
1.000000 1.000000 1.000000
0.000000 0.000000 0.000000
0.282206 -0.740456 -0.583048 -0.790802 0.145047 -0.566968 0.521134 0.641701 -0.562707
-0.978090 0.201985 -0.050419 -0.008662 0.202488 0.979246 0.208003 0.958226 -0.196303
0.792053 -0.036858 0.609339 -0.603430 -0.198243 0.772381 0.092329 -0.979460 -0.179260
1.328143 3.409491 2.520245
0.000000 0.000000 0.000000
0
1
1.000000 1.000000 1.000000
1.000000 1.000000 1.000000
0.000000 0.000000 0.000000
0.282206 -0.740456 -0.583048 -0.790802 0.145047 -0.566968 0.521134 0.641701 -0.562707
0.792052 -0.036858 0.609339 -0.603430 -0.198243 0.772381 0.092329 -0.979459 -0.179260
0.792053 -0.036858 0.609339 -0.603430 -0.198243 0.772381 0.092329 -0.979460 -0.179260
2.510648 4.865575 1.243408
0.000000 0.000000 0.000000
1
1
1.000000 1.000000 1.000000
1.000000 1.000000 1.000000
0.000000 0.000000 0.000000
-0.710302 0.671982 0.108492 0.447749 0.343153 0.805994 0.521134 0.641701 -0.562707
0.792052 -0.036858 0.609339 -0.603430 -0.198243 0.772381 0.092329 -0.979459 -0.179260
-0.794580 -0.587316 -0.153958 -0.280301 0.129904 0.951082 -0.538586 0.798865 -0.267844
2.510648 4.865575 1.243408
0.000000 0.000000 0.000000
0
1
1.000000 1.000000 1.000000
1.000000 1.000000 1.000000
0.000000 0.000000 0.000000
-0.710302 0.671982 0.108492 0.447749 0.343153 0.805994 0.521134 0.641701 -0.562707
-0.794580 -0.587317 -0.153959 -0.280300 0.129904 0.951082 -0.538585 0.798864 -0.267844
-0.794580 -0.587316 -0.153958 -0.280301 0.129904 0.951082 -0.538586 0.798865 -0.267844
3.081005 5.567887 0.627551
0.000000 0.000000 0.000000
1
1
1.000000 1.000000 1.000000
1.000000 1.000000 1.000000
0.000000 0.000000 0.000000
-0.231225 0.729705 0.618001 0.807182 -0.191949 0.528651 0.521134 0.641701 -0.562707
-0.794580 -0.587317 -0.153959 -0.280300 0.129904 0.951082 -0.538585 0.798864 -0.267844
-0.604615 0.100400 -0.790165 -0.765584 0.200527 0.611285 0.219822 0.974530 -0.044377
3.081005 5.567887 0.627551
0.000000 0.000000 0.000000
0
1
1.000000 1.000000 1.000000
1.000000 1.000000 1.000000
0.000000 0.000000 0.000000
-0.231225 0.729705 0.618001 0.807182 -0.191949 0.528651 0.521134 0.641701 -0.562707
-0.604615 0.100399 -0.790165 -0.765584 0.200527 0.611285 0.219821 0.974529 -0.044376
-0.604615 0.100400 -0.790165 -0.765584 0.200527 0.611285 0.219822 0.974530 -0.044377
4.013782 6.716467 -0.379637
0.000000 0.000000 0.000000
1
1
1.000000 1.000000 1.000000
1.000000 1.000000 1.000000
0.000000 0.000000 0.000000
-0.242406 -0.941326 -0.236820 0.848635 -0.087043 -0.522668 0.470945 -0.327364 0.819172
-0.464037 0.202099 0.862454 0.816753 -0.279284 0.504891 0.342906 0.938699 -0.035469
-0.391292 0.134030 0.910454 -0.817575 -0.504783 -0.277064 0.422447 -0.852778 0.307097
1.328143 3.409491 2.520245
0.000000 0.000000 0.000000
0
1
1.000000 1.000000 1.000000
1.000000 1.000000 1.000000
0.000000 0.000000 0.000000
-0.242406 -0.941326 -0.236820 0.848635 -0.087043 -0.522668 0.470945 -0.327364 0.819172
-0.391291 0.134029 0.910454 -0.817575 -0.504783 -0.277064 0.422447 -0.852778 0.307097
-0.391292 0.134030 0.910454 -0.817575 -0.504783 -0.277064 0.422447 -0.852778 0.307097
2.275179 2.751186 4.167540
0.000000 0.000000 0.000000
1
1
1.000000 1.000000 1.000000
1.000000 1.000000 1.000000
0.000000 0.000000 0.000000
0.048255 -0.995547 -0.086588 0.810384 0.089708 -0.579802 0.584440 -0.042151 0.810341
-0.391291 0.134029 0.910454 -0.817575 -0.504783 -0.277064 0.422447 -0.852778 0.307097
-0.064822 0.061735 0.995985 -0.935965 -0.349900 -0.039227 0.346074 -0.934751 0.080463
2.275179 2.751186 4.167540
0.000000 0.000000 0.000000
0
1
1.000000 1.000000 1.000000
1.000000 1.000000 1.000000
0.000000 0.000000 0.000000
0.048255 -0.995547 -0.086588 0.810384 0.089708 -0.579802 0.584440 -0.042151 0.810341
-0.064821 0.061736 0.995984 -0.935965 -0.349900 -0.039228 0.346074 -0.934751 0.080463
-0.064822 0.061735 0.995985 -0.935965 -0.349900 -0.039227 0.346074 -0.934751 0.080463
3.180808 2.685870 5.423217
0.000000 0.000000 0.000000
1
1
1.000000 1.000000 1.000000
1.000000 1.000000 1.000000
0.000000 0.000000 0.000000
0.731590 -0.388910 -0.560771 0.100700 0.874631 -0.475206 0.674647 0.290923 0.678392
-0.064821 0.061736 0.995984 -0.935965 -0.349900 -0.039228 0.346074 -0.934751 0.080463
0.013666 -0.323342 0.946184 -0.755374 0.616671 0.221647 -0.655152 -0.717751 -0.235816
3.180808 2.685870 5.423217
0.000000 0.000000 0.000000
0
1
1.000000 1.000000 1.000000
1.000000 1.000000 1.000000
0.000000 0.000000 0.000000
0.731590 -0.388910 -0.560771 0.100700 0.874631 -0.475206 0.674647 0.290923 0.678392
0.013667 -0.323341 0.946183 -0.755374 0.616671 0.221647 -0.655152 -0.717751 -0.235817
0.013666 -0.323342 0.946184 -0.755374 0.616671 0.221647 -0.655152 -0.717751 -0.235816
4.918746 3.435306 7.170800
0.000000 0.000000 0.000000
1
1
1.000000 1.000000 1.000000
1.000000 1.000000 1.000000
0.000000 0.000000 0.000000
0.786244 -0.569955 -0.238693 0.346815 0.726744 -0.592928 0.511411 0.383402 0.769067
1.000000 -0.000000 -0.000000 -0.000000 1.000000 -0.000000 -0.000000 -0.000000 1.000000
0.312216 -0.240066 0.919179 -0.841202 0.379763 0.384914 -0.441475 -0.893391 -0.083376
4.918745 3.435306 7.170800
0.000000 0.000000 0.000000
3
1
1.000000 1.000000 1.000000
1.000000 1.000000 1.000000
0.000000 0.000000 0.000000
-0.770981 -0.064253 -0.633808 -0.605876 -0.235315 0.760541 -0.198189 0.970186 0.142154
0.518119 -0.000000 -0.855308 0.400238 0.883757 0.242452 0.755885 -0.467946 0.457892
-0.978090 0.201985 -0.050418 -0.008662 0.202489 0.979246 0.208003 0.958228 -0.196303
1.328143 3.409491 2.520245
0.000000 0.000000 0.000000
2
1
1.000000 1.000000 1.000000
1.000000 1.000000 1.000000
0.000000 0.000000 0.000000
-0.978090 -0.008662 0.208003 0.201985 0.202489 0.958228 -0.050418 0.979246 -0.196303
-0.978090 -0.008662 0.208003 0.201985 0.202489 0.958228 -0.050418 0.979246 -0.196303
-0.978090 0.201985 -0.050418 -0.008662 0.202489 0.979246 0.208003 0.958228 -0.196303
4.013781 6.716467 -0.379637
0.000000 0.000000 0.000000
5
Pose 2
850683512
951875832
41
1
1.000000 1.000000 1.000000
1.000000 1.000000 1.000000
-0.462916 -0.257660 0.000000
0.981288 0.000000 0.192546 0.074234 0.922693 -0.378322 -0.177661 0.385537 0.905427
1.000000 0.000000 0.000000 0.000000 1.000000 0.000000 0.000000 0.000000 1.000000
1.000000 0.000000 0.000000 0.000000 1.000000 0.000000 0.000000 0.000000 1.000000
2.681816 -2.167676 0.000000
0.000000 0.000000 0.000000
4
1
1.000000 1.000000 1.000000
1.000000 1.000000 1.000000
0.000000 0.000000 0.000000
0.311178 0.766802 -0.561412 -0.031665 -0.582048 -0.812538 -0.949824 0.270621 -0.156841
1.000000 0.000000 0.000000 0.000000 1.000000 0.000000 0.000000 0.000000 1.000000
0.197258 -0.187523 -0.962250 0.943017 -0.232001 0.238528 -0.267972 -0.954469 0.131073
2.681816 -2.167676 0.000000
0.000000 0.000000 0.000000
0
1
1.000000 1.000000 1.000000
1.000000 1.000000 1.000000
0.000000 0.000000 0.000000
0.311178 0.766802 -0.561412 -0.031665 -0.582048 -0.812538 -0.949824 0.270621 -0.156841
0.197258 -0.187523 -0.962251 0.943018 -0.232001 0.238529 -0.267972 -0.954469 0.131073
0.197258 -0.187523 -0.962250 0.943017 -0.232001 0.238528 -0.267972 -0.954469 0.131073
0.067713 -1.422873 -0.431655
0.000000 0.000000 0.000000
1
1
1.000000 1.000000 1.000000
1.000000 1.000000 1.000000
0.000000 0.000000 0.000000
0.611583 0.769636 0.183380 0.185974 0.085443 -0.978833 -0.769013 0.632742 -0.090878
0.197258 -0.187523 -0.962251 0.943018 -0.232001 0.238529 -0.267972 -0.954469 0.131073
0.635448 -0.005976 -0.772121 0.686160 0.462957 0.561120 0.354105 -0.886361 0.298285
0.067713 -1.422873 -0.431655
0.000000 0.000000 0.000000
0
1
1.000000 1.000000 1.000000
1.000000 1.000000 1.000000
0.000000 0.000000 0.000000
0.611583 0.769636 0.183380 0.185974 0.085443 -0.978833 -0.769013 0.632742 -0.090878
0.635448 -0.005976 -0.772122 0.686160 0.462958 0.561120 0.354105 -0.886361 0.298285
0.635448 -0.005976 -0.772121 0.686160 0.462957 0.561120 0.354105 -0.886361 0.298285
-1.555627 -0.087194 -0.623493
0.000000 0.000000 0.000000
1
1
1.000000 1.000000 1.000000
1.000000 1.000000 1.000000
0.000000 0.000000 0.000000
0.611548 -0.205712 -0.763997 -0.604042 -0.745053 -0.282898 -0.511023 0.634492 -0.579896
0.635448 -0.005976 -0.772122 0.686160 0.462958 0.561120 0.354105 -0.886361 0.298285
0.453000 -0.647209 -0.613116 0.144625 -0.625268 0.766892 -0.879701 -0.436074 -0.189644
-1.555627 -0.087194 -0.623493
0.000000 0.000000 0.000000
0
1
1.000000 1.000000 1.000000
1.000000 1.000000 1.000000
0.000000 0.000000 0.000000
0.611548 -0.205712 -0.763997 -0.604042 -0.745053 -0.282898 -0.511023 0.634492 -0.579896
0.453000 -0.647209 -0.613116 0.144625 -0.625268 0.766892 -0.879700 -0.436074 -0.189644
0.453000 -0.647209 -0.613116 0.144625 -0.625268 0.766892 -0.879701 -0.436074 -0.189644
-2.771323 1.422228 -2.003031
0.000000 0.000000 0.000000
1
1
1.000000 1.000000 1.000000
1.000000 1.000000 1.000000
0.000000 0.000000 0.000000
-0.317570 -0.918776 0.234524 -0.462228 0.365945 0.807730 -0.827947 0.148108 -0.540899
0.453000 -0.647209 -0.613116 0.144625 -0.625268 0.766892 -0.879700 -0.436074 -0.189644
-0.266471 -0.298054 -0.916601 -0.960047 -0.002240 0.279830 -0.085458 0.954546 -0.285549
-2.771323 1.422228 -2.003031
0.000000 0.000000 0.000000
0
1
1.000000 1.000000 1.000000
1.000000 1.000000 1.000000
0.000000 0.000000 0.000000
-0.317570 -0.918776 0.234524 -0.462228 0.365945 0.807730 -0.827947 0.148108 -0.540899
-0.266471 -0.298054 -0.916601 -0.960047 -0.002240 0.279830 -0.085458 0.954545 -0.285549
-0.266471 -0.298054 -0.916601 -0.960047 -0.002240 0.279830 -0.085458 0.954546 -0.285549
-4.204010 1.678514 -2.939007
0.000000 0.000000 0.000000
1
1
1.000000 1.000000 1.000000
1.000000 1.000000 1.000000
0.000000 0.000000 0.000000
0.366592 0.833916 0.412547 0.505624 0.193651 -0.840739 -0.780996 0.516804 -0.350659
-0.266471 -0.298054 -0.916601 -0.960047 -0.002240 0.279830 -0.085458 0.954545 -0.285549
0.439166 0.334282 -0.833899 0.640585 0.534284 0.551536 0.629908 -0.776399 0.020504
-4.204010 1.678514 -2.939007
0.000000 0.000000 0.000000
0
1
1.000000 1.000000 1.000000
1.000000 1.000000 1.000000
0.000000 0.000000 0.000000
0.366592 0.833916 0.412547 0.505624 0.193651 -0.840739 -0.780996 0.516804 -0.350659
0.439165 0.334281 -0.833898 0.640585 0.534283 0.551537 0.629908 -0.776399 0.020505
0.439166 0.334282 -0.833899 0.640585 0.534284 0.551536 0.629908 -0.776399 0.020504
-6.583040 3.252774 -4.007162
0.000000 0.000000 0.000000
1
1
1.000000 1.000000 1.000000
1.000000 1.000000 1.000000
0.000000 0.000000 0.000000
0.784916 0.583683 0.207902 0.323274 -0.099534 -0.941055 -0.528585 0.805860 -0.266816
0.439165 0.334281 -0.833898 0.640585 0.534283 0.551537 0.629908 -0.776399 0.020505
0.810259 0.136029 -0.570068 0.518173 0.288181 0.805263 0.273822 -0.947865 0.163015
-6.583040 3.252774 -4.007162
0.000000 0.000000 0.000000
0
1
1.000000 1.000000 1.000000
1.000000 1.000000 1.000000
0.000000 0.000000 0.000000
0.784916 0.583683 0.207902 0.323274 -0.099534 -0.941055 -0.528585 0.805860 -0.266816
0.810260 0.136029 -0.570068 0.518174 0.288181 0.805263 0.273822 -0.947865 0.163015
0.810259 0.136029 -0.570068 0.518173 0.288181 0.805263 0.273822 -0.947865 0.163015
-7.792226 5.096250 -4.617527
0.000000 0.000000 0.000000
1
1
1.000000 1.000000 1.000000
1.000000 1.000000 1.000000
0.000000 0.000000 0.000000
0.286696 -0.593928 0.751703 -0.308080 0.685806 0.659359 -0.907135 -0.420622 0.013640
-0.266471 -0.298054 -0.916601 -0.960047 -0.002240 0.279830 -0.085458 0.954545 -0.285549
0.426068 -0.175359 -0.887533 -0.811115 0.360467 -0.460604 0.400697 0.916140 0.011348
-4.204010 1.678514 -2.939007
0.000000 0.000000 0.000000
0
1
1.000000 1.000000 1.000000
1.000000 1.000000 1.000000
0.000000 0.000000 0.000000
0.286696 -0.593928 0.751703 -0.308080 0.685806 0.659359 -0.907135 -0.420622 0.013640
0.426067 -0.175360 -0.887533 -0.811115 0.360467 -0.460604 0.400696 0.916140 0.011349
0.426068 -0.175359 -0.887533 -0.811115 0.360467 -0.460604 0.400697 0.916140 0.011348
-6.220974 0.743287 -2.908679
0.000000 0.000000 0.000000
1
1
1.000000 1.000000 1.000000
1.000000 1.000000 1.000000
0.000000 0.000000 0.000000
0.516243 -0.716142 0.469722 -0.190278 0.438842 0.878185 -0.835039 -0.542735 0.090283
0.426067 -0.175360 -0.887533 -0.811115 0.360467 -0.460604 0.400696 0.916140 0.011349
0.597025 -0.017626 -0.802029 -0.800161 0.058554 -0.596921 0.057484 0.998129 0.020854
-6.220974 0.743287 -2.908679
0.000000 0.000000 0.000000
0
1
1.000000 1.000000 1.000000
1.000000 1.000000 1.000000
0.000000 0.000000 0.000000
0.516243 -0.716142 0.469722 -0.190278 0.438842 0.878185 -0.835039 -0.542735 0.090283
0.597025 -0.017625 -0.802029 -0.800162 0.058554 -0.596921 0.057485 0.998130 0.020853
0.597025 -0.017626 -0.802029 -0.800161 0.058554 -0.596921 0.057484 0.998129 0.020854
-7.981163 -0.400752 -2.718369
0.000000 0.000000 0.000000
1
1
1.000000 1.000000 1.000000
1.000000 1.000000 1.000000
0.000000 0.000000 0.000000
0.254640 0.875705 -0.410249 0.208468 -0.463967 -0.860973 -0.944299 0.133715 -0.300702
0.597025 -0.017625 -0.802029 -0.800162 0.058554 -0.596921 0.057485 0.998130 0.020853
0.170884 0.038791 -0.984527 0.982113 -0.086898 0.167041 -0.079074 -0.995462 -0.052946
-7.981163 -0.400752 -2.718369
0.000000 0.000000 0.000000
0
1
1.000000 1.000000 1.000000
1.000000 1.000000 1.000000
0.000000 0.000000 0.000000
0.254640 0.875705 -0.410249 0.208468 -0.463967 -0.860973 -0.944299 0.133715 -0.300702
0.170884 0.038792 -0.984526 0.982113 -0.086898 0.167041 -0.079074 -0.995463 -0.052945
0.170884 0.038791 -0.984527 0.982113 -0.086898 0.167041 -0.079074 -0.995462 -0.052946
-10.020084 -0.112037 -3.367640
0.000000 0.000000 0.000000
1
1
1.000000 1.000000 1.000000
1.000000 1.000000 1.000000
0.000000 0.000000 0.000000
0.322362 -0.946377 -0.021361 -0.048663 0.005970 -0.998798 0.945366 0.323013 -0.044128
-0.535131 0.000000 -0.844769 -0.208326 0.969116 0.131967 0.818679 0.246607 -0.518604
0.312216 -0.240066 0.919179 -0.841202 0.379763 0.384914 -0.441475 -0.893391 -0.083376
-1.555627 -0.087194 -0.623493
0.000000 0.000000 0.000000
2
1
1.000000 1.000000 1.000000
1.000000 1.000000 1.000000
0.000000 0.000000 0.000000
-0.575551 0.462715 -0.674964 -0.213794 0.711505 0.670070 0.789549 0.529463 -0.310291
0.312216 -0.240066 0.919179 -0.841202 0.379763 0.384914 -0.441475 -0.893391 -0.083376
-0.742966 -0.080263 0.664499 0.589981 0.390336 0.706796 -0.316108 0.917167 -0.242653
-1.555627 -0.087194 -0.623493
0.000000 0.000000 0.000000
0
1
1.000000 1.000000 1.000000
1.000000 1.000000 1.000000
0.000000 0.000000 0.000000
-0.575551 0.462715 -0.674964 -0.213794 0.711505 0.670070 0.789549 0.529463 -0.310291
-0.742966 -0.080263 0.664499 0.589981 0.390336 0.706796 -0.316108 0.917167 -0.242653
-0.742966 -0.080263 0.664499 0.589981 0.390336 0.706796 -0.316108 0.917167 -0.242653
0.773984 1.475019 -1.539026
0.000000 0.000000 0.000000
1
1
1.000000 1.000000 1.000000
1.000000 1.000000 1.000000
0.000000 0.000000 0.000000
-0.578187 0.617433 -0.534243 -0.159250 0.556780 0.815828 0.800424 0.556254 -0.223390
-0.742966 -0.080263 0.664499 0.589981 0.390336 0.706796 -0.316108 0.917167 -0.242653
-0.716334 0.005734 0.697734 0.684662 0.198598 0.701282 -0.134548 0.980064 -0.146189
0.773984 1.475019 -1.539026
0.000000 0.000000 0.000000
0
1
1.000000 1.000000 1.000000
1.000000 1.000000 1.000000
0.000000 0.000000 0.000000
-0.578187 0.617433 -0.534243 -0.159250 0.556780 0.815828 0.800424 0.556254 -0.223390
-0.716334 0.005734 0.697734 0.684662 0.198597 0.701282 -0.134548 0.980064 -0.146189
-0.716334 0.005734 0.697734 0.684662 0.198598 0.701282 -0.134548 0.980064 -0.146189
2.670409 2.792939 -2.068298
0.000000 0.000000 0.000000
1
1
1.000000 1.000000 1.000000
1.000000 1.000000 1.000000
0.000000 0.000000 0.000000
-0.428131 0.899907 -0.088385 -0.003830 0.095986 0.995848 0.903804 0.426290 -0.037622
-0.716334 0.005734 0.697734 0.684662 0.198597 0.701282 -0.134548 0.980064 -0.146189
-0.464036 0.202099 0.862454 0.816753 -0.279283 0.504891 0.342907 0.938700 -0.035468
2.670409 2.792939 -2.068298
0.000000 0.000000 0.000000
0
1
1.000000 1.000000 1.000000
1.000000 1.000000 1.000000
0.000000 0.000000 0.000000
-0.428131 0.899907 -0.088385 -0.003830 0.095986 0.995848 0.903804 0.426290 -0.037622
-0.464037 0.202099 0.862454 0.816753 -0.279284 0.504891 0.342906 0.938699 -0.035469
-0.464036 0.202099 0.862454 0.816753 -0.279283 0.504891 0.342907 0.938700 -0.035468
4.217779 3.522775 -2.132710
0.000000 0.000000 0.000000
1
1
1.000000 1.000000 1.000000
1.000000 1.000000 1.000000
0.000000 0.000000 0.000000
0.767647 -0.602563 -0.218259 0.134004 0.483953 -0.864773 0.626709 0.634599 0.452239
-0.978090 0.201985 -0.050419 -0.008662 0.202488 0.979246 0.208003 0.958226 -0.196303
0.792053 -0.036858 0.609339 -0.603430 -0.198243 0.772381 0.092329 -0.979460 -0.179260
4.217779 3.522775 -2.132710
0.000000 0.000000 0.000000
0
1
1.000000 1.000000 1.000000
1.000000 1.000000 1.000000
0.000000 0.000000 0.000000
0.767647 -0.602563 -0.218259 0.134004 0.483953 -0.864773 0.626709 0.634599 0.452239
0.792052 -0.036858 0.609339 -0.603430 -0.198243 0.772381 0.092329 -0.979459 -0.179260
0.792053 -0.036858 0.609339 -0.603430 -0.198243 0.772381 0.092329 -0.979460 -0.179260
5.564103 4.886050 -1.161190
0.000000 0.000000 0.000000
1
1
1.000000 1.000000 1.000000
1.000000 1.000000 1.000000
0.000000 0.000000 0.000000
-0.680993 0.188154 -0.707705 -0.716277 -0.372146 0.590301 -0.152259 0.908926 0.388164
0.792052 -0.036858 0.609339 -0.603430 -0.198243 0.772381 0.092329 -0.979459 -0.179260
-0.794580 -0.587316 -0.153958 -0.280301 0.129904 0.951082 -0.538586 0.798865 -0.267844
5.564103 4.886050 -1.161190
0.000000 0.000000 0.000000
0
1
1.000000 1.000000 1.000000
1.000000 1.000000 1.000000
0.000000 0.000000 0.000000
-0.680993 0.188154 -0.707705 -0.716277 -0.372146 0.590301 -0.152259 0.908926 0.388164
-0.794580 -0.587317 -0.153959 -0.280300 0.129904 0.951082 -0.538585 0.798864 -0.267844
-0.794580 -0.587316 -0.153958 -0.280301 0.129904 0.951082 -0.538586 0.798865 -0.267844
5.405298 5.834052 -0.756338
0.000000 0.000000 0.000000
1
1
1.000000 1.000000 1.000000
1.000000 1.000000 1.000000
0.000000 0.000000 0.000000
-0.563232 -0.702383 -0.435234 -0.070675 -0.483847 0.872294 -0.823270 0.522068 0.222870
-0.794580 -0.587317 -0.153959 -0.280300 0.129904 0.951082 -0.538585 0.798864 -0.267844
-0.604615 0.100400 -0.790165 -0.765584 0.200527 0.611285 0.219822 0.974530 -0.044377
5.405298 5.834052 -0.756338
0.000000 0.000000 0.000000
0
1
1.000000 1.000000 1.000000
1.000000 1.000000 1.000000
0.000000 0.000000 0.000000
-0.563232 -0.702383 -0.435234 -0.070675 -0.483847 0.872294 -0.823270 0.522068 0.222870
-0.604615 0.100399 -0.790165 -0.765584 0.200527 0.611285 0.219821 0.974529 -0.044376
-0.604615 0.100400 -0.790165 -0.765584 0.200527 0.611285 0.219822 0.974530 -0.044377
4.013781 6.716467 -0.379637
0.000000 0.000000 0.000000
1
1
1.000000 1.000000 1.000000
1.000000 1.000000 1.000000
0.000000 0.000000 0.000000
-0.470282 -0.600068 0.647837 0.243711 -0.793674 -0.558235 0.848353 -0.104545 0.519006
-0.464037 0.202099 0.862454 0.816753 -0.279284 0.504891 0.342906 0.938699 -0.035469
-0.391292 0.134030 0.910454 -0.817575 -0.504783 -0.277064 0.422447 -0.852778 0.307097
4.217779 3.522775 -2.132710
0.000000 0.000000 0.000000
0
1
1.000000 1.000000 1.000000
1.000000 1.000000 1.000000
0.000000 0.000000 0.000000
-0.470282 -0.600068 0.647837 0.243711 -0.793674 -0.558235 0.848353 -0.104545 0.519006
-0.391291 0.134029 0.910454 -0.817575 -0.504783 -0.277064 0.422447 -0.852778 0.307097
-0.391292 0.134030 0.910454 -0.817575 -0.504783 -0.277064 0.422447 -0.852778 0.307097
5.923755 3.312543 -1.089028
0.000000 0.000000 0.000000
1
1
1.000000 1.000000 1.000000
1.000000 1.000000 1.000000
0.000000 0.000000 0.000000
-0.166764 -0.733198 0.659963 0.202715 -0.680513 -0.704804 0.964967 0.016232 0.261868
-0.391291 0.134029 0.910454 -0.817575 -0.504783 -0.277064 0.422447 -0.852778 0.307097
-0.064822 0.061735 0.995985 -0.935965 -0.349900 -0.039227 0.346074 -0.934751 0.080463
5.923755 3.312543 -1.089028
0.000000 0.000000 0.000000
0
1
1.000000 1.000000 1.000000
1.000000 1.000000 1.000000
0.000000 0.000000 0.000000
-0.166764 -0.733198 0.659963 0.202715 -0.680513 -0.704804 0.964967 0.016232 0.261868
-0.064821 0.061736 0.995984 -0.935965 -0.349900 -0.039228 0.346074 -0.934751 0.080463
-0.064822 0.061735 0.995985 -0.935965 -0.349900 -0.039227 0.346074 -0.934751 0.080463
7.419034 3.337695 -0.683247
0.000000 0.000000 0.000000
1
1
1.000000 1.000000 1.000000
1.000000 1.000000 1.000000
0.000000 0.000000 0.000000
0.090287 -0.945617 -0.314002 -0.124749 0.302080 -0.945582 0.988082 0.124431 -0.090616
-0.064821 0.061736 0.995984 -0.935965 -0.349900 -0.039228 0.346074 -0.934751 0.080463
0.013666 -0.323342 0.946184 -0.755374 0.616671 0.221647 -0.655152 -0.717751 -0.235816
7.419034 3.337695 -0.683247
0.000000 0.000000 0.000000
0
1
1.000000 1.000000 1.000000
1.000000 1.000000 1.000000
0.000000 0.000000 0.000000
0.090287 -0.945617 -0.314002 -0.124749 0.302080 -0.945582 0.988082 0.124431 -0.090616
0.013667 -0.323341 0.946183 -0.755374 0.616671 0.221647 -0.655152 -0.717751 -0.235817
0.013666 -0.323342 0.946184 -0.755374 0.616671 0.221647 -0.655152 -0.717751 -0.235816
9.964401 3.658237 -0.916679
0.000000 0.000000 0.000000
1
1
1.000000 1.000000 1.000000
1.000000 1.000000 1.000000
0.000000 0.000000 0.000000
0.322362 -0.946377 -0.021361 -0.048663 0.005970 -0.998798 0.945366 0.323013 -0.044128
1.000000 -0.000000 -0.000000 -0.000000 1.000000 -0.000000 -0.000000 -0.000000 1.000000
0.312216 -0.240066 0.919179 -0.841202 0.379763 0.384914 -0.441475 -0.893391 -0.083376
9.964402 3.658237 -0.916679
0.000000 0.000000 0.000000
3
1
1.000000 1.000000 1.000000
1.000000 1.000000 1.000000
0.000000 0.000000 0.000000
-0.994908 0.101153 -0.013339 0.044097 0.546099 0.837085 0.091573 0.832053 -0.547768
0.518119 -0.000000 -0.855308 0.400238 0.883757 0.242452 0.755885 -0.467946 0.457892
-0.978090 0.201985 -0.050418 -0.008662 0.202489 0.979246 0.208003 0.958228 -0.196303
4.217779 3.522775 -2.132710
0.000000 0.000000 0.000000
2
1
1.000000 1.000000 1.000000
1.000000 1.000000 1.000000
0.000000 0.000000 0.000000
-0.978090 -0.008662 0.208003 0.201985 0.202489 0.958228 -0.050418 0.979246 -0.196303
-0.978090 -0.008662 0.208003 0.201985 0.202489 0.958228 -0.050418 0.979246 -0.196303
-0.978090 0.201985 -0.050418 -0.008662 0.202489 0.979246 0.208003 0.958228 -0.196303
4.013781 6.716467 -0.379637
0.000000 0.000000 0.000000
5
Pose 3
850683992
951875832
41
1
1.000000 1.000000 1.000000
1.000000 1.000000 1.000000
0.000000 0.000000 0.000000
1.000000 0.000000 0.000000 0.000000 1.000000 0.000000 0.000000 0.000000 1.000000
1.000000 0.000000 0.000000 0.000000 1.000000 0.000000 0.000000 0.000000 1.000000
1.000000 0.000000 0.000000 0.000000 1.000000 0.000000 0.000000 0.000000 1.000000
2.681816 -2.167676 0.000000
0.000000 0.000000 0.000000
4
1
1.000000 1.000000 1.000000
1.000000 1.000000 1.000000
0.000000 0.000000 0.000000
0.197258 0.943017 -0.267972 -0.187523 -0.232001 -0.954469 -0.962250 0.238528 0.131073
1.000000 0.000000 0.000000 0.000000 1.000000 0.000000 0.000000 0.000000 1.000000
0.197258 -0.187523 -0.962250 0.943017 -0.232001 0.238528 -0.267972 -0.954469 0.131073
2.681816 -2.167676 0.000000
0.000000 0.000000 0.000000
0
1
1.000000 1.000000 1.000000
1.000000 1.000000 1.000000
0.000000 0.000000 0.000000
0.197258 0.943017 -0.267972 -0.187523 -0.232001 -0.954469 -0.962250 0.238528 0.131073
0.197258 -0.187523 -0.962251 0.943018 -0.232001 0.238529 -0.267972 -0.954469 0.131073
0.197258 -0.187523 -0.962250 0.943017 -0.232001 0.238528 -0.267972 -0.954469 0.131073
0.033515 -1.511201 0.360740
0.000000 0.000000 0.000000
1
1
1.000000 1.000000 1.000000
1.000000 1.000000 1.000000
0.000000 0.000000 0.000000
0.635448 0.686161 0.354105 -0.005976 0.462957 -0.886361 -0.772122 0.561121 0.298285
0.197258 -0.187523 -0.962251 0.943018 -0.232001 0.238529 -0.267972 -0.954469 0.131073
0.635448 -0.005976 -0.772121 0.686160 0.462957 0.561120 0.354105 -0.886361 0.298285
0.033515 -1.511201 0.360740
0.000000 0.000000 0.000000
0
1
1.000000 1.000000 1.000000
1.000000 1.000000 1.000000
0.000000 0.000000 0.000000
0.635448 0.686161 0.354105 -0.005976 0.462957 -0.886361 -0.772122 0.561121 0.298285
0.635448 -0.005976 -0.772122 0.686160 0.462958 0.561120 0.354105 -0.886361 0.298285
0.635448 -0.005976 -0.772121 0.686160 0.462957 0.561120 0.354105 -0.886361 0.298285
-1.596387 -0.326710 0.990402
0.000000 0.000000 0.000000
1
1
1.000000 1.000000 1.000000
1.000000 1.000000 1.000000
0.000000 0.000000 0.000000
0.453000 0.144625 -0.879701 -0.647210 -0.625268 -0.436074 -0.613117 0.766894 -0.189645
0.635448 -0.005976 -0.772122 0.686160 0.462958 0.561120 0.354105 -0.886361 0.298285
0.453000 -0.647209 -0.613116 0.144625 -0.625268 0.766892 -0.879701 -0.436074 -0.189644
-1.596387 -0.326710 0.990402
0.000000 0.000000 0.000000
0
1
1.000000 1.000000 1.000000
1.000000 1.000000 1.000000
0.000000 0.000000 0.000000
0.453000 0.144625 -0.879701 -0.647210 -0.625268 -0.436074 -0.613117 0.766894 -0.189645
0.453000 -0.647209 -0.613116 0.144625 -0.625268 0.766892 -0.879700 -0.436074 -0.189644
0.453000 -0.647209 -0.613116 0.144625 -0.625268 0.766892 -0.879701 -0.436074 -0.189644
-3.054959 1.497687 0.539249
0.000000 0.000000 0.000000
1
1
1.000000 1.000000 1.000000
1.000000 1.000000 1.000000
0.000000 0.000000 0.000000
-0.266471 -0.960048 -0.085458 -0.298054 -0.002241 0.954545 -0.916602 0.279831 -0.285550
0.453000 -0.647209 -0.613116 0.144625 -0.625268 0.766892 -0.879700 -0.436074 -0.189644
-0.266471 -0.298054 -0.916601 -0.960047 -0.002240 0.279830 -0.085458 0.954546 -0.285549
-3.054959 1.497687 0.539249
0.000000 0.000000 0.000000
0
1
1.000000 1.000000 1.000000
1.000000 1.000000 1.000000
0.000000 0.000000 0.000000
-0.266471 -0.960048 -0.085458 -0.298054 -0.002241 0.954545 -0.916602 0.279831 -0.285550
-0.266471 -0.298054 -0.916601 -0.960047 -0.002240 0.279830 -0.085458 0.954545 -0.285549
-0.266471 -0.298054 -0.916601 -0.960047 -0.002240 0.279830 -0.085458 0.954546 -0.285549
-4.641057 1.981908 0.045131
0.000000 0.000000 0.000000
1
1
1.000000 1.000000 1.000000
1.000000 1.000000 1.000000
0.000000 0.000000 0.000000
0.439167 0.640586 0.629908 0.334282 0.534285 -0.776398 -0.833900 0.551537 0.020503
-0.266471 -0.298054 -0.916601 -0.960047 -0.002240 0.279830 -0.085458 0.954545 -0.285549
0.439166 0.334282 -0.833899 0.640585 0.534284 0.551536 0.629908 -0.776399 0.020504
-4.641057 1.981908 0.045131
0.000000 0.000000 0.000000
0
1
1.000000 1.000000 1.000000
1.000000 1.000000 1.000000
0.000000 0.000000 0.000000
0.439167 0.640586 0.629908 0.334282 0.534285 -0.776398 -0.833900 0.551537 0.020503
0.439165 0.334281 -0.833898 0.640585 0.534283 0.551537 0.629908 -0.776399 0.020505
0.439166 0.334282 -0.833899 0.640585 0.534284 0.551536 0.629908 -0.776399 0.020504
-7.181239 3.661968 0.107589
0.000000 0.000000 0.000000
1
1
1.000000 1.000000 1.000000
1.000000 1.000000 1.000000
0.000000 0.000000 0.000000
0.810259 0.518173 0.273822 0.136028 0.288181 -0.947864 -0.570069 0.805265 0.163015
0.439165 0.334281 -0.833898 0.640585 0.534283 0.551537 0.629908 -0.776399 0.020505
0.810259 0.136029 -0.570068 0.518173 0.288181 0.805263 0.273822 -0.947865 0.163015
-7.181239 3.661968 0.107589
0.000000 0.000000 0.000000
0
1
1.000000 1.000000 1.000000
1.000000 1.000000 1.000000
0.000000 0.000000 0.000000
0.810259 0.518173 0.273822 0.136028 0.288181 -0.947864 -0.570069 0.805265 0.163015
0.810260 0.136029 -0.570068 0.518174 0.288181 0.805263 0.273822 -0.947865 0.163015
0.810259 0.136029 -0.570068 0.518173 0.288181 0.805263 0.273822 -0.947865 0.163015
-8.485321 5.504082 0.480500
0.000000 0.000000 0.000000
1
1
1.000000 1.000000 1.000000
1.000000 1.000000 1.000000
0.000000 0.000000 0.000000
0.426069 -0.811116 0.400697 -0.175359 0.360467 0.916139 -0.887534 -0.460604 0.011347
-0.266471 -0.298054 -0.916601 -0.960047 -0.002240 0.279830 -0.085458 0.954545 -0.285549
0.426068 -0.175359 -0.887533 -0.811115 0.360467 -0.460604 0.400697 0.916140 0.011348
-4.641057 1.981908 0.045131
0.000000 0.000000 0.000000
0
1
1.000000 1.000000 1.000000
1.000000 1.000000 1.000000
0.000000 0.000000 0.000000
0.426069 -0.811116 0.400697 -0.175359 0.360467 0.916139 -0.887534 -0.460604 0.011347
0.426067 -0.175360 -0.887533 -0.811115 0.360467 -0.460604 0.400696 0.916140 0.011349
0.426068 -0.175359 -0.887533 -0.811115 0.360467 -0.460604 0.400697 0.916140 0.011348
-6.614439 0.957780 0.070362
0.000000 0.000000 0.000000
1
1
1.000000 1.000000 1.000000
1.000000 1.000000 1.000000
0.000000 0.000000 0.000000
0.597026 -0.800162 0.057484 -0.017626 0.058554 0.998127 -0.802030 -0.596922 0.020854
0.426067 -0.175360 -0.887533 -0.811115 0.360467 -0.460604 0.400696 0.916140 0.011349
0.597025 -0.017626 -0.802029 -0.800161 0.058554 -0.596921 0.057484 0.998129 0.020854
-6.614439 0.957780 0.070362
0.000000 0.000000 0.000000
0
1
1.000000 1.000000 1.000000
1.000000 1.000000 1.000000
0.000000 0.000000 0.000000
0.597026 -0.800162 0.057484 -0.017626 0.058554 0.998127 -0.802030 -0.596922 0.020854
0.597025 -0.017625 -0.802029 -0.800162 0.058554 -0.596921 0.057485 0.998130 0.020853
0.597025 -0.017626 -0.802029 -0.800161 0.058554 -0.596921 0.057484 0.998129 0.020854
-8.305048 -0.300479 0.114321
0.000000 0.000000 0.000000
1
1
1.000000 1.000000 1.000000
1.000000 1.000000 1.000000
0.000000 0.000000 0.000000
0.170884 0.982115 -0.079074 0.038790 -0.086898 -0.995461 -0.984528 0.167042 -0.052947
0.597025 -0.017625 -0.802029 -0.800162 0.058554 -0.596921 0.057485 0.998130 0.020853
0.170884 0.038791 -0.984527 0.982113 -0.086898 0.167041 -0.079074 -0.995462 -0.052946
-8.305048 -0.300479 0.114321
0.000000 0.000000 0.000000
0
1
1.000000 1.000000 1.000000
1.000000 1.000000 1.000000
0.000000 0.000000 0.000000
0.170884 0.982115 -0.079074 0.038790 -0.086898 -0.995461 -0.984528 0.167042 -0.052947
0.170884 0.038792 -0.984526 0.982113 -0.086898 0.167041 -0.079074 -0.995463 -0.052945
0.170884 0.038791 -0.984527 0.982113 -0.086898 0.167041 -0.079074 -0.995462 -0.052946
-10.430831 0.060194 0.000000
0.000000 0.000000 0.000000
1
1
1.000000 1.000000 1.000000
1.000000 1.000000 1.000000
0.000000 0.000000 0.000000
0.312217 -0.841203 -0.441475 -0.240067 0.379764 -0.893392 0.919180 0.384915 -0.083376
-0.535131 0.000000 -0.844769 -0.208326 0.969116 0.131967 0.818679 0.246607 -0.518604
0.312216 -0.240066 0.919179 -0.841202 0.379763 0.384914 -0.441475 -0.893391 -0.083376
-1.596387 -0.326710 0.990402
0.000000 0.000000 0.000000
2
1
1.000000 1.000000 1.000000
1.000000 1.000000 1.000000
0.000000 0.000000 0.000000
-0.444059 0.756144 -0.391529 -0.135738 0.373064 0.874434 0.875332 0.478669 -0.068339
0.312216 -0.240066 0.919179 -0.841202 0.379763 0.384914 -0.441475 -0.893391 -0.083376
-0.742966 -0.080263 0.664499 0.589981 0.390336 0.706796 -0.316108 0.917167 -0.242653
-1.596387 -0.326710 0.990402
0.000000 0.000000 0.000000
0
1
1.000000 1.000000 1.000000
1.000000 1.000000 1.000000
0.000000 0.000000 0.000000
-0.444059 0.756144 -0.391529 -0.135738 0.373064 0.874434 0.875332 0.478669 -0.068339
-0.742966 -0.080263 0.664499 0.589981 0.390336 0.706796 -0.316108 0.917167 -0.242653
-0.742966 -0.080263 0.664499 0.589981 0.390336 0.706796 -0.316108 0.917167 -0.242653
1.400723 1.312237 0.756410
0.000000 0.000000 0.000000
1
1
1.000000 1.000000 1.000000
1.000000 1.000000 1.000000
0.000000 0.000000 0.000000
-0.462971 0.819291 -0.191459 -0.035655 0.199229 0.938761 0.875332 0.478669 -0.068340
-0.742966 -0.080263 0.664499 0.589981 0.390336 0.706796 -0.316108 0.917167 -0.242653
-0.716334 0.005734 0.697734 0.684662 0.198598 0.701282 -0.134548 0.980064 -0.146189
1.400723 1.312237 0.756410
0.000000 0.000000 0.000000
0
1
1.000000 1.000000 1.000000
1.000000 1.000000 1.000000
0.000000 0.000000 0.000000
-0.462971 0.819291 -0.191459 -0.035655 0.199229 0.938761 0.875332 0.478669 -0.068340
-0.716334 0.005734 0.697734 0.684662 0.198597 0.701282 -0.134548 0.980064 -0.146189
-0.716334 0.005734 0.697734 0.684662 0.198598 0.701282 -0.134548 0.980064 -0.146189
3.807552 2.628393 0.568502
0.000000 0.000000 0.000000
1
1
1.000000 1.000000 1.000000
1.000000 1.000000 1.000000
0.000000 0.000000 0.000000
-0.418633 0.808977 0.304201 0.200897 -0.237668 0.908510 0.875332 0.478669 -0.068340
-0.716334 0.005734 0.697734 0.684662 0.198597 0.701282 -0.134548 0.980064 -0.146189
-0.464036 0.202099 0.862454 0.816753 -0.279283 0.504891 0.342907 0.938700 -0.035468
3.807552 2.628393 0.568502
0.000000 0.000000 0.000000
0
1
1.000000 1.000000 1.000000
1.000000 1.000000 1.000000
0.000000 0.000000 0.000000
-0.418633 0.808977 0.304201 0.200897 -0.237668 0.908510 0.875332 0.478669 -0.068340
-0.464037 0.202099 0.862454 0.816753 -0.279284 0.504891 0.342906 0.938699 -0.035469
-0.464036 0.202099 0.862454 0.816753 -0.279283 0.504891 0.342907 0.938700 -0.035468
5.547175 3.579693 0.432685
0.000000 0.000000 0.000000
1
1
1.000000 1.000000 1.000000
1.000000 1.000000 1.000000
0.000000 0.000000 0.000000
0.689347 -0.718709 0.090878 -0.056629 -0.178525 -0.982305 0.722204 0.671970 -0.163943
-0.978090 0.201985 -0.050419 -0.008662 0.202488 0.979246 0.208003 0.958226 -0.196303
0.792053 -0.036858 0.609339 -0.603430 -0.198243 0.772381 0.092329 -0.979460 -0.179260
5.547175 3.579693 0.432685
0.000000 0.000000 0.000000
0
1
1.000000 1.000000 1.000000
1.000000 1.000000 1.000000
0.000000 0.000000 0.000000
0.689347 -0.718709 0.090878 -0.056629 -0.178525 -0.982305 0.722204 0.671970 -0.163943
0.792052 -0.036858 0.609339 -0.603430 -0.198243 0.772381 0.092329 -0.979459 -0.179260
0.792053 -0.036858 0.609339 -0.603430 -0.198243 0.772381 0.092329 -0.979460 -0.179260
7.121414 5.044432 0.075326
0.000000 0.000000 0.000000
1
1
1.000000 1.000000 1.000000
1.000000 1.000000 1.000000
0.000000 0.000000 0.000000
-0.808175 -0.262633 -0.527148 -0.571889 0.136082 0.808970 -0.140257 0.955140 -0.260837
0.792052 -0.036858 0.609339 -0.603430 -0.198243 0.772381 0.092329 -0.979459 -0.179260
-0.794580 -0.587316 -0.153958 -0.280301 0.129904 0.951082 -0.538586 0.798865 -0.267844
7.121414 5.044432 0.075326
0.000000 0.000000 0.000000
0
1
1.000000 1.000000 1.000000
1.000000 1.000000 1.000000
0.000000 0.000000 0.000000
-0.808175 -0.262633 -0.527148 -0.571889 0.136082 0.808970 -0.140257 0.955140 -0.260837
-0.794580 -0.587317 -0.153959 -0.280300 0.129904 0.951082 -0.538585 0.798864 -0.267844
-0.794580 -0.587316 -0.153958 -0.280301 0.129904 0.951082 -0.538586 0.798865 -0.267844
6.970140 6.074594 -0.205998
0.000000 0.000000 0.000000
1
1
1.000000 1.000000 1.000000
1.000000 1.000000 1.000000
0.000000 0.000000 0.000000
-0.513821 -0.830492 0.215109 0.120143 0.178610 0.976557 -0.849456 0.527601 0.007903
-0.794580 -0.587317 -0.153959 -0.280300 0.129904 0.951082 -0.538585 0.798864 -0.267844
-0.604615 0.100400 -0.790165 -0.765584 0.200527 0.611285 0.219822 0.974530 -0.044377
6.970140 6.074594 -0.205998
0.000000 0.000000 0.000000
0
1
1.000000 1.000000 1.000000
1.000000 1.000000 1.000000
0.000000 0.000000 0.000000
-0.513821 -0.830492 0.215109 0.120143 0.178610 0.976557 -0.849456 0.527601 0.007903
-0.604615 0.100399 -0.790165 -0.765584 0.200527 0.611285 0.219821 0.974529 -0.044376
-0.604615 0.100400 -0.790165 -0.765584 0.200527 0.611285 0.219822 0.974530 -0.044377
5.523472 6.973127 -0.192540
0.000000 0.000000 0.000000
1
1
1.000000 1.000000 1.000000
1.000000 1.000000 1.000000
0.000000 0.000000 0.000000
0.420376 -0.695727 0.511354 0.197224 -0.476333 -0.810213 0.875332 0.478669 -0.068339
-0.464037 0.202099 0.862454 0.816753 -0.279284 0.504891 0.342906 0.938699 -0.035469
-0.391292 0.134030 0.910454 -0.817575 -0.504783 -0.277064 0.422447 -0.852778 0.307097
5.547175 3.579693 0.432685
0.000000 0.000000 0.000000
0
1
1.000000 1.000000 1.000000
1.000000 1.000000 1.000000
0.000000 0.000000 0.000000
0.420376 -0.695727 0.511354 0.197224 -0.476333 -0.810213 0.875332 0.478669 -0.068339
-0.391291 0.134029 0.910454 -0.817575 -0.504783 -0.277064 0.422447 -0.852778 0.307097
-0.391292 0.134030 0.910454 -0.817575 -0.504783 -0.277064 0.422447 -0.852778 0.307097
7.588533 4.695994 0.273311
0.000000 0.000000 0.000000
1
1
1.000000 1.000000 1.000000
1.000000 1.000000 1.000000
0.000000 0.000000 0.000000
0.450041 -0.773117 0.349270 0.114350 -0.336483 -0.892154 0.875332 0.478668 -0.068340
-0.391291 0.134029 0.910454 -0.817575 -0.504783 -0.277064 0.422447 -0.852778 0.307097
-0.064822 0.061735 0.995985 -0.935965 -0.349900 -0.039227 0.346074 -0.934751 0.080463
7.588533 4.695994 0.273311
0.000000 0.000000 0.000000
0
1
1.000000 1.000000 1.000000
1.000000 1.000000 1.000000
0.000000 0.000000 0.000000
0.450041 -0.773117 0.349270 0.114350 -0.336483 -0.892154 0.875332 0.478668 -0.068340
-0.064821 0.061736 0.995984 -0.935965 -0.349900 -0.039228 0.346074 -0.934751 0.080463
-0.064822 0.061735 0.995985 -0.935965 -0.349900 -0.039227 0.346074 -0.934751 0.080463
9.162507 5.556709 0.150426
0.000000 0.000000 0.000000
1
1
1.000000 1.000000 1.000000
1.000000 1.000000 1.000000
0.000000 0.000000 0.000000
0.298805 -0.639397 -0.651247 -0.355428 0.549637 -0.702713 0.875332 0.478669 -0.068340
-0.064821 0.061736 0.995984 -0.935965 -0.349900 -0.039228 0.346074 -0.934751 0.080463
0.013666 -0.323342 0.946184 -0.755374 0.616671 0.221647 -0.655152 -0.717751 -0.235816
9.162507 5.556709 0.150426
0.000000 0.000000 0.000000
0
1
1.000000 1.000000 1.000000
1.000000 1.000000 1.000000
0.000000 0.000000 0.000000
0.298805 -0.639397 -0.651247 -0.355428 0.549637 -0.702713 0.875332 0.478669 -0.068340
0.013667 -0.323341 0.946183 -0.755374 0.616671 0.221647 -0.655152 -0.717751 -0.235817
0.013666 -0.323342 0.946184 -0.755374 0.616671 0.221647 -0.655152 -0.717751 -0.235816
11.779898 6.988010 -0.053920
0.000000 0.000000 0.000000
1
1
1.000000 1.000000 1.000000
1.000000 1.000000 1.000000
0.000000 0.000000 0.000000
0.312217 -0.841203 -0.441475 -0.240067 0.379764 -0.893392 0.919180 0.384915 -0.083376
1.000000 -0.000000 -0.000000 -0.000000 1.000000 -0.000000 -0.000000 -0.000000 1.000000
0.312216 -0.240066 0.919179 -0.841202 0.379763 0.384914 -0.441475 -0.893391 -0.083376
11.779899 6.988010 -0.053920
0.000000 0.000000 0.000000
3
1
1.000000 1.000000 1.000000
1.000000 1.000000 1.000000
0.000000 0.000000 0.000000
-0.965659 0.010499 0.216337 0.222520 0.229709 0.908584 -0.009403 0.942316 -0.226562
0.518119 -0.000000 -0.855308 0.400238 0.883757 0.242452 0.755885 -0.467946 0.457892
-0.978090 0.201985 -0.050418 -0.008662 0.202489 0.979246 0.208003 0.958228 -0.196303
5.547175 3.579693 0.432685
0.000000 0.000000 0.000000
2
1
1.000000 1.000000 1.000000
1.000000 1.000000 1.000000
0.000000 0.000000 0.000000
-0.965659 0.010499 0.216337 0.222520 0.229709 0.908584 -0.009403 0.942316 -0.226562
1.000000 -0.000000 0.000000 -0.000000 1.000000 0.000000 0.000000 0.000000 1.000000
-0.978090 0.201985 -0.050418 -0.008662 0.202489 0.979246 0.208003 0.958228 -0.196303
5.523472 6.973127 -0.192540
0.000000 0.000000 0.000000
3
Pose 4
850683768
951875832
41
1
1.000000 1.000000 1.000000
1.000000 1.000000 1.000000
0.000000 0.000000 0.000000
1.000000 0.000000 0.000000 0.000000 1.000000 0.000000 0.000000 0.000000 1.000000
1.000000 0.000000 0.000000 0.000000 1.000000 0.000000 0.000000 0.000000 1.000000
1.000000 0.000000 0.000000 0.000000 1.000000 0.000000 0.000000 0.000000 1.000000
2.681816 -2.167676 0.000000
0.000000 0.000000 0.000000
4
1
1.000000 1.000000 1.000000
1.000000 1.000000 1.000000
0.000000 0.000000 0.000000
0.197258 0.943017 -0.267972 -0.187523 -0.232001 -0.954469 -0.962250 0.238528 0.131073
1.000000 0.000000 0.000000 0.000000 1.000000 0.000000 0.000000 0.000000 1.000000
0.197258 -0.187523 -0.962250 0.943017 -0.232001 0.238528 -0.267972 -0.954469 0.131073
2.681816 -2.167676 0.000000
0.000000 0.000000 0.000000
0
1
1.000000 1.000000 1.000000
1.000000 1.000000 1.000000
0.000000 0.000000 0.000000
0.197258 0.943017 -0.267972 -0.187523 -0.232001 -0.954469 -0.962250 0.238528 0.131073
0.197258 -0.187523 -0.962251 0.943018 -0.232001 0.238529 -0.267972 -0.954469 0.131073
0.197258 -0.187523 -0.962250 0.943017 -0.232001 0.238528 -0.267972 -0.954469 0.131073
0.033515 -1.511201 0.360740
0.000000 0.000000 0.000000
1
1
1.000000 1.000000 1.000000
1.000000 1.000000 1.000000
0.000000 0.000000 0.000000
0.635448 0.686161 0.354105 -0.005976 0.462957 -0.886361 -0.772122 0.561121 0.298285
0.197258 -0.187523 -0.962251 0.943018 -0.232001 0.238529 -0.267972 -0.954469 0.131073
0.635448 -0.005976 -0.772121 0.686160 0.462957 0.561120 0.354105 -0.886361 0.298285
0.033515 -1.511201 0.360740
0.000000 0.000000 0.000000
0
1
1.000000 1.000000 1.000000
1.000000 1.000000 1.000000
0.000000 0.000000 0.000000
0.635448 0.686161 0.354105 -0.005976 0.462957 -0.886361 -0.772122 0.561121 0.298285
0.635448 -0.005976 -0.772122 0.686160 0.462958 0.561120 0.354105 -0.886361 0.298285
0.635448 -0.005976 -0.772121 0.686160 0.462957 0.561120 0.354105 -0.886361 0.298285
-1.596387 -0.326710 0.990402
0.000000 0.000000 0.000000
1
1
1.000000 1.000000 1.000000
1.000000 1.000000 1.000000
0.000000 0.000000 0.000000
0.453000 0.144625 -0.879701 -0.647210 -0.625268 -0.436074 -0.613117 0.766894 -0.189645
0.635448 -0.005976 -0.772122 0.686160 0.462958 0.561120 0.354105 -0.886361 0.298285
0.453000 -0.647209 -0.613116 0.144625 -0.625268 0.766892 -0.879701 -0.436074 -0.189644
-1.596387 -0.326710 0.990402
0.000000 0.000000 0.000000
0
1
1.000000 1.000000 1.000000
1.000000 1.000000 1.000000
0.000000 0.000000 0.000000
0.453000 0.144625 -0.879701 -0.647210 -0.625268 -0.436074 -0.613117 0.766894 -0.189645
0.453000 -0.647209 -0.613116 0.144625 -0.625268 0.766892 -0.879700 -0.436074 -0.189644
0.453000 -0.647209 -0.613116 0.144625 -0.625268 0.766892 -0.879701 -0.436074 -0.189644
-3.054959 1.497687 0.539249
0.000000 0.000000 0.000000
1
1
1.000000 1.000000 1.000000
1.000000 1.000000 1.000000
0.000000 0.000000 0.000000
-0.266471 -0.960048 -0.085458 -0.298054 -0.002241 0.954545 -0.916602 0.279831 -0.285550
0.453000 -0.647209 -0.613116 0.144625 -0.625268 0.766892 -0.879700 -0.436074 -0.189644
-0.266471 -0.298054 -0.916601 -0.960047 -0.002240 0.279830 -0.085458 0.954546 -0.285549
-3.054959 1.497687 0.539249
0.000000 0.000000 0.000000
0
1
1.000000 1.000000 1.000000
1.000000 1.000000 1.000000
0.000000 0.000000 0.000000
-0.266471 -0.960048 -0.085458 -0.298054 -0.002241 0.954545 -0.916602 0.279831 -0.285550
-0.266471 -0.298054 -0.916601 -0.960047 -0.002240 0.279830 -0.085458 0.954545 -0.285549
-0.266471 -0.298054 -0.916601 -0.960047 -0.002240 0.279830 -0.085458 0.954546 -0.285549
-4.641057 1.981908 0.045131
0.000000 0.000000 0.000000
1
1
1.000000 1.000000 1.000000
1.000000 1.000000 1.000000
0.000000 0.000000 0.000000
0.439167 0.640586 0.629908 0.334282 0.534285 -0.776398 -0.833900 0.551537 0.020503
-0.266471 -0.298054 -0.916601 -0.960047 -0.002240 0.279830 -0.085458 0.954545 -0.285549
0.439166 0.334282 -0.833899 0.640585 0.534284 0.551536 0.629908 -0.776399 0.020504
-4.641057 1.981908 0.045131
0.000000 0.000000 0.000000
0
1
1.000000 1.000000 1.000000
1.000000 1.000000 1.000000
0.000000 0.000000 0.000000
0.439167 0.640586 0.629908 0.334282 0.534285 -0.776398 -0.833900 0.551537 0.020503
0.439165 0.334281 -0.833898 0.640585 0.534283 0.551537 0.629908 -0.776399 0.020505
0.439166 0.334282 -0.833899 0.640585 0.534284 0.551536 0.629908 -0.776399 0.020504
-7.181239 3.661968 0.107589
0.000000 0.000000 0.000000
1
1
1.000000 1.000000 1.000000
1.000000 1.000000 1.000000
0.000000 0.000000 0.000000
0.810259 0.518173 0.273822 0.136028 0.288181 -0.947864 -0.570069 0.805265 0.163015
0.439165 0.334281 -0.833898 0.640585 0.534283 0.551537 0.629908 -0.776399 0.020505
0.810259 0.136029 -0.570068 0.518173 0.288181 0.805263 0.273822 -0.947865 0.163015
-7.181239 3.661968 0.107589
0.000000 0.000000 0.000000
0
1
1.000000 1.000000 1.000000
1.000000 1.000000 1.000000
0.000000 0.000000 0.000000
0.810259 0.518173 0.273822 0.136028 0.288181 -0.947864 -0.570069 0.805265 0.163015
0.810260 0.136029 -0.570068 0.518174 0.288181 0.805263 0.273822 -0.947865 0.163015
0.810259 0.136029 -0.570068 0.518173 0.288181 0.805263 0.273822 -0.947865 0.163015
-8.485321 5.504082 0.480500
0.000000 0.000000 0.000000
1
1
1.000000 1.000000 1.000000
1.000000 1.000000 1.000000
0.000000 0.000000 0.000000
0.426069 -0.811116 0.400697 -0.175359 0.360467 0.916139 -0.887534 -0.460604 0.011347
-0.266471 -0.298054 -0.916601 -0.960047 -0.002240 0.279830 -0.085458 0.954545 -0.285549
0.426068 -0.175359 -0.887533 -0.811115 0.360467 -0.460604 0.400697 0.916140 0.011348
-4.641057 1.981908 0.045131
0.000000 0.000000 0.000000
0
1
1.000000 1.000000 1.000000
1.000000 1.000000 1.000000
0.000000 0.000000 0.000000
0.426069 -0.811116 0.400697 -0.175359 0.360467 0.916139 -0.887534 -0.460604 0.011347
0.426067 -0.175360 -0.887533 -0.811115 0.360467 -0.460604 0.400696 0.916140 0.011349
0.426068 -0.175359 -0.887533 -0.811115 0.360467 -0.460604 0.400697 0.916140 0.011348
-6.614439 0.957780 0.070362
0.000000 0.000000 0.000000
1
1
1.000000 1.000000 1.000000
1.000000 1.000000 1.000000
0.000000 0.000000 0.000000
0.597026 -0.800162 0.057484 -0.017626 0.058554 0.998127 -0.802030 -0.596922 0.020854
0.426067 -0.175360 -0.887533 -0.811115 0.360467 -0.460604 0.400696 0.916140 0.011349
0.597025 -0.017626 -0.802029 -0.800161 0.058554 -0.596921 0.057484 0.998129 0.020854
-6.614439 0.957780 0.070362
0.000000 0.000000 0.000000
0
1
1.000000 1.000000 1.000000
1.000000 1.000000 1.000000
0.000000 0.000000 0.000000
0.597026 -0.800162 0.057484 -0.017626 0.058554 0.998127 -0.802030 -0.596922 0.020854
0.597025 -0.017625 -0.802029 -0.800162 0.058554 -0.596921 0.057485 0.998130 0.020853
0.597025 -0.017626 -0.802029 -0.800161 0.058554 -0.596921 0.057484 0.998129 0.020854
-8.305048 -0.300479 0.114321
0.000000 0.000000 0.000000
1
1
1.000000 1.000000 1.000000
1.000000 1.000000 1.000000
0.000000 0.000000 0.000000
0.170884 0.982115 -0.079074 0.038790 -0.086898 -0.995461 -0.984528 0.167042 -0.052947
0.597025 -0.017625 -0.802029 -0.800162 0.058554 -0.596921 0.057485 0.998130 0.020853
0.170884 0.038791 -0.984527 0.982113 -0.086898 0.167041 -0.079074 -0.995462 -0.052946
-8.305048 -0.300479 0.114321
0.000000 0.000000 0.000000
0
1
1.000000 1.000000 1.000000
1.000000 1.000000 1.000000
0.000000 0.000000 0.000000
0.170884 0.982115 -0.079074 0.038790 -0.086898 -0.995461 -0.984528 0.167042 -0.052947
0.170884 0.038792 -0.984526 0.982113 -0.086898 0.167041 -0.079074 -0.995463 -0.052945
0.170884 0.038791 -0.984527 0.982113 -0.086898 0.167041 -0.079074 -0.995462 -0.052946
-10.430831 0.060194 0.000000
0.000000 0.000000 0.000000
1
1
1.000000 1.000000 1.000000
1.000000 1.000000 1.000000
0.000000 0.000000 0.000000
0.312217 -0.841203 -0.441475 -0.240067 0.379764 -0.893392 0.919180 0.384915 -0.083376
-0.535131 0.000000 -0.844769 -0.208326 0.969116 0.131967 0.818679 0.246607 -0.518604
0.312216 -0.240066 0.919179 -0.841202 0.379763 0.384914 -0.441475 -0.893391 -0.083376
-1.596387 -0.326710 0.990402
0.000000 0.000000 0.000000
2
1
1.000000 1.000000 1.000000
1.000000 1.000000 1.000000
0.000000 0.000000 0.000000
-0.444059 0.756144 -0.391529 -0.135738 0.373064 0.874434 0.875332 0.478669 -0.068339
0.312216 -0.240066 0.919179 -0.841202 0.379763 0.384914 -0.441475 -0.893391 -0.083376
-0.742966 -0.080263 0.664499 0.589981 0.390336 0.706796 -0.316108 0.917167 -0.242653
-1.596387 -0.326710 0.990402
0.000000 0.000000 0.000000
0
1
1.000000 1.000000 1.000000
1.000000 1.000000 1.000000
0.000000 0.000000 0.000000
-0.444059 0.756144 -0.391529 -0.135738 0.373064 0.874434 0.875332 0.478669 -0.068339
-0.742966 -0.080263 0.664499 0.589981 0.390336 0.706796 -0.316108 0.917167 -0.242653
-0.742966 -0.080263 0.664499 0.589981 0.390336 0.706796 -0.316108 0.917167 -0.242653
1.400723 1.312237 0.756410
0.000000 0.000000 0.000000
1
1
1.000000 1.000000 1.000000
1.000000 1.000000 1.000000
0.000000 0.000000 0.000000
-0.462971 0.819291 -0.191459 -0.035655 0.199229 0.938761 0.875332 0.478669 -0.068340
-0.742966 -0.080263 0.664499 0.589981 0.390336 0.706796 -0.316108 0.917167 -0.242653
-0.716334 0.005734 0.697734 0.684662 0.198598 0.701282 -0.134548 0.980064 -0.146189
1.400723 1.312237 0.756410
0.000000 0.000000 0.000000
0
1
1.000000 1.000000 1.000000
1.000000 1.000000 1.000000
0.000000 0.000000 0.000000
-0.462971 0.819291 -0.191459 -0.035655 0.199229 0.938761 0.875332 0.478669 -0.068340
-0.716334 0.005734 0.697734 0.684662 0.198597 0.701282 -0.134548 0.980064 -0.146189
-0.716334 0.005734 0.697734 0.684662 0.198598 0.701282 -0.134548 0.980064 -0.146189
3.807552 2.628393 0.568502
0.000000 0.000000 0.000000
1
1
1.000000 1.000000 1.000000
1.000000 1.000000 1.000000
0.000000 0.000000 0.000000
-0.418633 0.808977 0.304201 0.200897 -0.237668 0.908510 0.875332 0.478669 -0.068340
-0.716334 0.005734 0.697734 0.684662 0.198597 0.701282 -0.134548 0.980064 -0.146189
-0.464036 0.202099 0.862454 0.816753 -0.279283 0.504891 0.342907 0.938700 -0.035468
3.807552 2.628393 0.568502
0.000000 0.000000 0.000000
0
1
1.000000 1.000000 1.000000
1.000000 1.000000 1.000000
0.000000 0.000000 0.000000
-0.418633 0.808977 0.304201 0.200897 -0.237668 0.908510 0.875332 0.478669 -0.068340
-0.464037 0.202099 0.862454 0.816753 -0.279284 0.504891 0.342906 0.938699 -0.035469
-0.464036 0.202099 0.862454 0.816753 -0.279283 0.504891 0.342907 0.938700 -0.035468
5.547175 3.579693 0.432685
0.000000 0.000000 0.000000
1
1
1.000000 1.000000 1.000000
1.000000 1.000000 1.000000
0.000000 0.000000 0.000000
0.871078 0.454456 0.195913 0.288314 -0.143673 -0.948642 -0.401486 0.879580 -0.255242
-0.978090 0.201985 -0.050419 -0.008662 0.202488 0.979246 0.208003 0.958226 -0.196303
0.792053 -0.036858 0.609339 -0.603430 -0.198243 0.772381 0.092329 -0.979460 -0.179260
5.547175 3.579693 0.432685
0.000000 0.000000 0.000000
0
1
1.000000 1.000000 1.000000
1.000000 1.000000 1.000000
0.000000 0.000000 0.000000
0.871078 0.454456 0.195913 0.288314 -0.143673 -0.948642 -0.401486 0.879580 -0.255242
0.792052 -0.036858 0.609339 -0.603430 -0.198243 0.772381 0.092329 -0.979459 -0.179260
0.792053 -0.036858 0.609339 -0.603430 -0.198243 0.772381 0.092329 -0.979460 -0.179260
4.697567 5.441024 -0.107448
0.000000 0.000000 0.000000
1
1
1.000000 1.000000 1.000000
1.000000 1.000000 1.000000
0.000000 0.000000 0.000000
-0.402374 -0.613492 -0.682211 -0.700575 -0.275572 0.661018 -0.591325 0.741190 -0.317761
0.792052 -0.036858 0.609339 -0.603430 -0.198243 0.772381 0.092329 -0.979459 -0.179260
-0.794580 -0.587316 -0.153958 -0.280301 0.129904 0.951082 -0.538586 0.798865 -0.267844
4.697567 5.441024 -0.107448
0.000000 0.000000 0.000000
0
1
1.000000 1.000000 1.000000
1.000000 1.000000 1.000000
0.000000 0.000000 0.000000
-0.402374 -0.613492 -0.682211 -0.700575 -0.275572 0.661018 -0.591325 0.741190 -0.317761
-0.794580 -0.587317 -0.153959 -0.280300 0.129904 0.951082 -0.538585 0.798864 -0.267844
-0.794580 -0.587316 -0.153958 -0.280301 0.129904 0.951082 -0.538586 0.798865 -0.267844
4.094250 6.197246 -0.431654
0.000000 0.000000 0.000000
1
1
1.000000 1.000000 1.000000
1.000000 1.000000 1.000000
0.000000 0.000000 0.000000
-0.612613 -0.792713 -0.000889 -0.238821 0.183491 0.955502 -0.754491 0.583412 -0.300621
-0.794580 -0.587317 -0.153959 -0.280300 0.129904 0.951082 -0.538585 0.798864 -0.267844
-0.604615 0.100400 -0.790165 -0.765584 0.200527 0.611285 0.219822 0.974530 -0.044377
4.094250 6.197246 -0.431654
0.000000 0.000000 0.000000
0
1
1.000000 1.000000 1.000000
1.000000 1.000000 1.000000
0.000000 0.000000 0.000000
-0.612613 -0.792713 -0.000889 -0.238821 0.183491 0.955502 -0.754491 0.583412 -0.300621
-0.604615 0.100399 -0.790165 -0.765584 0.200527 0.611285 0.219821 0.974529 -0.044376
-0.604615 0.100400 -0.790165 -0.765584 0.200527 0.611285 0.219822 0.974530 -0.044377
2.834600 7.171274 -0.933552
0.000000 0.000000 0.000000
1
1
1.000000 1.000000 1.000000
1.000000 1.000000 1.000000
0.000000 0.000000 0.000000
0.420376 -0.695727 0.511354 0.197224 -0.476333 -0.810213 0.875332 0.478669 -0.068339
-0.464037 0.202099 0.862454 0.816753 -0.279284 0.504891 0.342906 0.938699 -0.035469
-0.391292 0.134030 0.910454 -0.817575 -0.504783 -0.277064 0.422447 -0.852778 0.307097
5.547175 3.579693 0.432685
0.000000 0.000000 0.000000
0
1
1.000000 1.000000 1.000000
1.000000 1.000000 1.000000
0.000000 0.000000 0.000000
0.420376 -0.695727 0.511354 0.197224 -0.476333 -0.810213 0.875332 0.478669 -0.068339
-0.391291 0.134029 0.910454 -0.817575 -0.504783 -0.277064 0.422447 -0.852778 0.307097
-0.391292 0.134030 0.910454 -0.817575 -0.504783 -0.277064 0.422447 -0.852778 0.307097
7.588533 4.695994 0.273311
0.000000 0.000000 0.000000
1
1
1.000000 1.000000 1.000000
1.000000 1.000000 1.000000
0.000000 0.000000 0.000000
0.450041 -0.773117 0.349270 0.114350 -0.336483 -0.892154 0.875332 0.478668 -0.068340
-0.391291 0.134029 0.910454 -0.817575 -0.504783 -0.277064 0.422447 -0.852778 0.307097
-0.064822 0.061735 0.995985 -0.935965 -0.349900 -0.039227 0.346074 -0.934751 0.080463
7.588533 4.695994 0.273311
0.000000 0.000000 0.000000
0
1
1.000000 1.000000 1.000000
1.000000 1.000000 1.000000
0.000000 0.000000 0.000000
0.450041 -0.773117 0.349270 0.114350 -0.336483 -0.892154 0.875332 0.478668 -0.068340
-0.064821 0.061736 0.995984 -0.935965 -0.349900 -0.039228 0.346074 -0.934751 0.080463
-0.064822 0.061735 0.995985 -0.935965 -0.349900 -0.039227 0.346074 -0.934751 0.080463
9.162507 5.556709 0.150426
0.000000 0.000000 0.000000
1
1
1.000000 1.000000 1.000000
1.000000 1.000000 1.000000
0.000000 0.000000 0.000000
0.298805 -0.639397 -0.651247 -0.355428 0.549637 -0.702713 0.875332 0.478669 -0.068340
-0.064821 0.061736 0.995984 -0.935965 -0.349900 -0.039228 0.346074 -0.934751 0.080463
0.013666 -0.323342 0.946184 -0.755374 0.616671 0.221647 -0.655152 -0.717751 -0.235816
9.162507 5.556709 0.150426
0.000000 0.000000 0.000000
0
1
1.000000 1.000000 1.000000
1.000000 1.000000 1.000000
0.000000 0.000000 0.000000
0.298805 -0.639397 -0.651247 -0.355428 0.549637 -0.702713 0.875332 0.478669 -0.068340
0.013667 -0.323341 0.946183 -0.755374 0.616671 0.221647 -0.655152 -0.717751 -0.235817
0.013666 -0.323342 0.946184 -0.755374 0.616671 0.221647 -0.655152 -0.717751 -0.235816
11.779898 6.988010 -0.053920
0.000000 0.000000 0.000000
1
1
1.000000 1.000000 1.000000
1.000000 1.000000 1.000000
0.000000 0.000000 0.000000
0.312217 -0.841203 -0.441475 -0.240067 0.379764 -0.893392 0.919180 0.384915 -0.083376
1.000000 -0.000000 -0.000000 -0.000000 1.000000 -0.000000 -0.000000 -0.000000 1.000000
0.312216 -0.240066 0.919179 -0.841202 0.379763 0.384914 -0.441475 -0.893391 -0.083376
11.779899 6.988010 -0.053920
0.000000 0.000000 0.000000
3
1
1.000000 1.000000 1.000000
1.000000 1.000000 1.000000
0.000000 0.000000 0.000000
-0.965581 0.009738 0.216064 0.222217 0.229797 0.908086 -0.009640 0.941888 -0.226485
0.518119 -0.000000 -0.855308 0.400238 0.883757 0.242452 0.755885 -0.467946 0.457892
-0.978090 0.201985 -0.050418 -0.008662 0.202489 0.979246 0.208003 0.958228 -0.196303
5.547175 3.579693 0.432685
0.000000 0.000000 0.000000
2
1
1.000000 1.000000 1.000000
1.000000 1.000000 1.000000
0.000000 0.000000 0.000000
-0.965581 0.009738 0.216064 0.222217 0.229797 0.908086 -0.009640 0.941888 -0.226485
1.000000 -0.000000 0.000000 -0.000000 1.000000 0.000000 0.000000 0.000000 1.000000
-0.978090 0.201985 -0.050418 -0.008662 0.202489 0.979246 0.208003 0.958228 -0.196303
2.834600 7.171274 -0.933552
0.000000 0.000000 0.000000
3

