Constraints
12
ikConstraint 0
852152296
1
952739936
952721064
ikConstraint 1
852152336
1
952737488
952723144
ikConstraint 2
852152696
1
952726000
952725592
ikConstraint 0
852152776
1
952746720
952742792
ikConstraint 1
852152816
1
952750800
952740344
ikConstraint 2
852151656
1
952751616
952749168
ikConstraint 0
852151696
1
952977344
952752024
ikConstraint 1
852152856
1
952974488
952747536
ikConstraint 2
852152896
1
952975304
952974896
ikConstraint 0
852153016
1
952985560
952969592
ikConstraint 1
852153296
1
952983112
952971632
ikConstraint 2
852153376
1
952981480
952982704

