ikChains
12
ikChain 0
952715904
952649712
2
812091824
812092096
3.053612
-0.444085 -1.086865 0.000000
-0.999999 0.001622 0.000000
1.454336 8.281370 -0.000001
-0.014257 7.397479 -0.000001
0.000000 0.000000 -1.000000
-0.911390 0.001479 0.000000
-0.999999 0.001623 0.000000
-0.014257 7.397479 -0.000001
-1.423593 6.549253 -0.000001
0.000000 0.000000 1.000000
952719024
952721064
0.000000 -0.000000 1.000000 0.001623 0.999999 0.000000 -0.999999 0.001623 0.000000
0.000000 -0.000000 0.975000 -0.502777 0.835368 0.000000 -0.942467 -0.567236 0.000000
0.000000 2.142221
-0.999999 0.001623 0.000000
1 0
852152296
ikChain 1
952716184
952649712
2
812092368
812092232
3.468349
-0.561466 -1.344581 0.000000
-0.999726 -0.023419 0.000000
-1.423593 6.549253 -0.000001
-3.248205 5.806896 -0.000000
-0.000000 0.000000 -1.000000
-1.248990 -0.029259 0.000000
-0.999726 -0.023420 0.000000
-3.248205 5.806896 -0.000000
-4.957483 5.111461 -0.000000
0.000000 0.000000 1.000000
952721472
952723144
0.000000 -0.000000 1.000000 -0.023420 0.999726 0.000000 -0.999726 -0.023420 0.000000
0.000000 -0.000000 0.975000 -0.367439 0.903113 0.000000 -1.018897 -0.414547 0.000000
0.000000 2.219016
-0.999726 -0.023419 0.000000
1 0
852152336
ikChain 2
952716464
952649712
2
952701456
952701592
3.691016
-0.761785 -1.472118 0.000000
-0.999699 0.024516 0.000000
-4.957483 5.111461 -0.000000
-7.007469 4.680056 -0.000000
0.000000 0.000000 -1.000000
-1.517638 0.037217 0.000000
-0.999699 0.024516 0.000000
-7.007469 4.680056 -0.000000
-8.953383 4.270553 -0.000000
0.000000 0.000000 1.000000
952723960
952725592
0.000000 0.000000 1.000000 0.024516 0.999699 -0.000000 -0.999699 0.024516 0.000000
0.000000 -0.000000 0.973421 -0.200459 0.952557 0.000000 -1.082602 -0.227826 0.000000
0.000000 2.172921
-0.999699 0.024516 0.000000
1 0
852152696
ikChain 0
952716744
852815600
2
952703496
952702816
3.053612
-0.444085 -1.086865 0.000000
-0.999999 0.001622 0.000000
2.191884 6.142563 -0.000001
0.759442 5.201213 -0.000001
0.000000 0.000000 -1.000000
-0.911390 0.001479 0.000000
-0.999999 0.001623 0.000000
0.759442 5.201213 -0.000001
-0.615201 4.297847 -0.000000
0.000000 0.000000 1.000000
952738712
952742792
0.000000 -0.000000 1.000000 0.001623 0.999999 0.000000 -0.999999 0.001623 0.000000
0.000000 -0.000000 0.975000 -0.535461 0.814805 0.000000 -0.919267 -0.604110 0.000000
0.000000 2.142221
-0.999999 0.001623 0.000000
1 0
852152776
ikChain 1
952717024
852815600
2
952702000
952701184
3.468349
-0.561466 -1.344581 0.000000
-0.999726 -0.023419 0.000000
-0.615201 4.297847 -0.000000
-2.388521 3.440152 -0.000000
-0.000000 0.000000 -1.000000
-1.248990 -0.029259 0.000000
-0.999726 -0.023420 0.000000
-2.388521 3.440152 -0.000000
-4.049748 2.636670 0.000000
0.000000 0.000000 1.000000
952740752
952740344
0.000000 -0.000000 1.000000 -0.023420 0.999726 0.000000 -0.999726 -0.023420 0.000000
0.000000 -0.000000 0.975000 -0.424527 0.877725 0.000000 -0.990255 -0.478953 0.000000
0.000000 2.219016
-0.999726 -0.023419 0.000000
1 0
852152816
ikChain 2
952717304
852815600
2
952701048
952700232
3.691016
-0.761785 -1.472118 0.000000
-0.999699 0.024516 0.000000
-4.049749 2.636670 0.000000
-6.047415 2.018241 0.000001
0.000000 0.000000 -1.000000
-1.517638 0.037217 0.000000
-0.999699 0.024516 0.000000
-6.047415 2.018241 0.000001
-7.943665 1.431209 0.000001
0.000000 0.000000 1.000000
952743200
952749168
0.000000 0.000000 1.000000 0.024516 0.999699 -0.000000 -0.999699 0.024516 0.000000
0.000000 -0.000000 0.973908 -0.288013 0.930347 0.000000 -1.054971 -0.326593 0.000000
0.000000 2.172921
-0.999699 0.024516 0.000000
1 0
852151656
ikChain 0
952819984
952686320
2
952700368
952699960
3.053612
-0.444085 -1.086865 0.000000
-0.999999 0.001622 0.000000
4.615669 4.208411 -0.000001
2.977134 3.705188 -0.000001
0.000000 0.000000 -1.000000
-0.911390 0.001479 0.000000
-0.999999 0.001623 0.000000
2.977134 3.705188 -0.000001
1.404714 3.222271 -0.000001
0.000000 0.000000 1.000000
952745496
952752024
0.000000 -0.000000 1.000000 0.001623 0.999999 0.000000 -0.999999 0.001623 0.000000
0.000000 -0.000000 0.975000 -0.286244 0.932035 0.000000 -1.051527 -0.322942 0.000000
0.000000 2.142221
-0.999999 0.001623 0.000000
1 0
852151696
ikChain 1
952662648
952686320
2
952700096
952700504
3.468349
-0.561466 -1.344581 0.000000
-0.999726 -0.023419 0.000000
1.404715 3.222271 -0.000001
-0.513586 2.774581 -0.000000
-0.000000 0.000000 -1.000000
-1.248990 -0.029259 0.000000
-0.999726 -0.023420 0.000000
-0.513586 2.774581 -0.000000
-2.310631 2.355187 -0.000000
0.000000 0.000000 1.000000
952750392
952747536
0.000000 -0.000000 1.000000 -0.023420 0.999726 0.000000 -0.999726 -0.023420 0.000000
0.000000 -0.000000 0.975000 -0.221590 0.949486 0.000000 -1.071215 -0.249999 0.000000
0.000000 2.219016
-0.999726 -0.023419 0.000000
1 0
852152856
ikChain 2
952755512
952686320
2
952701320
952699688
3.691016
-0.761785 -1.472118 0.000000
-0.999699 0.024516 0.000000
-2.310631 2.355187 -0.000000
-4.366049 2.079785 -0.000000
0.000000 0.000000 -1.000000
-1.517638 0.037217 0.000000
-0.999699 0.024516 0.000000
-4.366049 2.079785 -0.000000
-6.317118 1.818365 -0.000000
0.000000 0.000000 1.000000
952747944
952974896
0.000000 0.000000 1.000000 0.024516 0.999699 -0.000000 -0.999699 0.024516 0.000000
0.000000 -0.000000 0.976207 -0.129642 0.967561 0.000000 -1.085470 -0.145440 0.000000
0.000000 2.172921
-0.999699 0.024516 0.000000
1 0
852152896
ikChain 0
952755792
952699088
2
952702136
952701728
3.053612
-0.444085 -1.086865 0.000000
-0.999999 0.001622 0.000000
2.338166 1.167240 -0.000001
0.742543 0.541129 -0.000001
0.000000 0.000000 -1.000000
-0.911390 0.001479 0.000000
-0.999999 0.001623 0.000000
0.742543 0.541129 -0.000001
-0.788698 -0.059717 -0.000000
0.000000 0.000000 1.000000
952976528
952969592
0.000000 -0.000000 1.000000 0.001623 0.999999 0.000000 -0.999999 0.001623 0.000000
0.000000 -0.000000 0.975000 -0.356145 0.907626 0.000000 -1.023989 -0.401805 0.000000
0.000000 2.142221
-0.999999 0.001623 0.000000
1 0
852153016
ikChain 1
952756072
952699088
2
952703224
952702272
3.468349
-0.561466 -1.344581 0.000000
-0.999726 -0.023419 0.000000
-0.788698 -0.059717 -0.000000
-2.674348 -0.629478 0.000000
-0.000000 0.000000 -1.000000
-1.248990 -0.029259 0.000000
-0.999726 -0.023420 0.000000
-2.674348 -0.629478 0.000000
-4.440805 -1.163227 0.000000
0.000000 0.000000 1.000000
952970000
952971632
0.000000 -0.000000 1.000000 -0.023420 0.999726 0.000000 -0.999726 -0.023420 0.000000
0.000000 -0.000000 0.975000 -0.282011 0.933325 0.000000 -1.052982 -0.318166 0.000000
0.000000 2.219016
-0.999726 -0.023419 0.000000
1 0
852153296
ikChain 2
952756352
952699088
2
952700640
952700776
3.691016
-0.761785 -1.472118 0.000000
-0.999699 0.024516 0.000000
-4.440806 -1.163227 0.000000
-6.488109 -1.560392 0.000001
0.000000 0.000000 -1.000000
-1.517638 0.037217 0.000000
-0.999699 0.024516 0.000000
-6.488109 -1.560392 0.000001
-8.431475 -1.937394 0.000001
0.000000 0.000000 1.000000
952972040
952982704
0.000000 0.000000 1.000000 0.024516 0.999699 -0.000000 -0.999699 0.024516 0.000000
0.000000 -0.000000 0.974665 -0.185619 0.956827 0.000000 -1.081184 -0.209744 0.000000
0.000000 2.172921
-0.999699 0.024516 0.000000
1 0
852153376

