Deformer
Deformer 0
1062843072
0 25 12 1 12 1 0
1063639680
1063640040
1063648600
1063648960
1063649320
1063649680
1063650040
1063650400
1063650760
1063651120
1063651480
1063655120
1063654040
1063652600
1063652960
1063652240
1063655480
1063654400
1063654760
1063653320
1063653680
1063651880
1063662768
1063663488
1063659888
1062855144
1062853864
1062855272
1062854568
1062854760
1062854184
1062855336
1062855016
1062855528
1062855464
1062855080
1062854248
1062856160
812483032
812483168
812483984
812483712
812484256
812484800
1063632480
1063632072
1063632208
1063632344
1063632616
1063634384
1062815104
0
