Poses
1
Default 0
1062682784
1062808600
29
1
1.000000 1.000000 1.000000
1.000000 1.000000 1.000000
0.000000 0.000000 0.000000
1.000000 0.000000 0.000000 0.000000 1.000000 0.000000 0.000000 0.000000 1.000000
1.000000 0.000000 0.000000 0.000000 1.000000 0.000000 0.000000 0.000000 1.000000
1.000000 0.000000 0.000000 0.000000 1.000000 0.000000 0.000000 0.000000 1.000000
1.393016 0.817158 0.000000
0.000000 0.000000 0.000000
1
1.000000 1.000000 1.000000
1.000000 1.000000 1.000000
0.000000 0.000000 0.000000
-0.518347 -0.855171 0.000000 0.000000 0.000000 1.000000 -0.855171 0.518347 0.000000
1.000000 0.000000 0.000000 0.000000 1.000000 0.000000 0.000000 0.000000 1.000000
-0.518347 0.000000 -0.855171 -0.855171 0.000000 0.518347 0.000000 1.000000 0.000000
0.987484 1.386310 0.000000
1.393016 0.817158 0.000000
1
1.000000 1.000000 1.000000
1.000000 1.000000 1.000000
0.000000 0.000000 0.000000
-0.518347 -0.855171 0.000000 0.000000 0.000000 1.000000 -0.855171 0.518347 0.000000
-0.518347 0.000000 -0.855171 -0.855171 0.000000 0.518347 0.000000 1.000000 0.000000
-0.518347 0.000000 -0.855171 -0.855171 0.000000 0.518347 0.000000 1.000000 0.000000
0.246822 1.835249 0.000000
1.393016 0.817158 1.533059
1
1.000000 1.000000 1.000000
1.000000 1.000000 1.000000
0.000000 0.000000 0.000000
-0.341419 -0.939911 0.000000 0.000000 0.000000 1.000000 -0.939911 0.341419 0.000000
-0.518347 0.000000 -0.855171 -0.855171 0.000000 0.518347 0.000000 1.000000 0.000000
-0.341419 0.000000 -0.939911 -0.939911 0.000000 0.341419 0.000000 1.000000 0.000000
0.246822 1.835249 0.000000
1.393016 0.817158 1.533059
1
1.000000 1.000000 1.000000
1.000000 1.000000 1.000000
0.000000 0.000000 0.000000
-0.341419 -0.939911 0.000000 0.000000 0.000000 1.000000 -0.939911 0.341419 0.000000
-0.341419 0.000000 -0.939911 -0.939911 0.000000 0.341419 0.000000 1.000000 0.000000
-0.341419 0.000000 -0.939911 -0.939911 0.000000 0.341419 0.000000 1.000000 0.000000
-0.954764 2.271721 0.000000
1.864650 0.817158 2.721283
1
1.000000 1.000000 1.000000
1.000000 1.000000 1.000000
0.000000 0.000000 0.000000
0.072998 -0.997332 0.000000 0.000000 0.000000 1.000000 -0.997332 -0.072998 0.000000
-0.341419 0.000000 -0.939911 -0.939911 0.000000 0.341419 0.000000 1.000000 0.000000
0.072998 0.000000 -0.997332 -0.997332 0.000000 -0.072998 0.000000 1.000000 0.000000
-0.954764 2.271721 0.000000
1.864650 0.817158 2.721283
1
1.000000 1.000000 1.000000
1.000000 1.000000 1.000000
0.000000 0.000000 0.000000
0.072998 -0.997332 0.000000 0.000000 0.000000 1.000000 -0.997332 -0.072998 0.000000
0.072998 0.000000 -0.997332 -0.997332 0.000000 -0.072998 0.000000 1.000000 0.000000
0.072998 0.000000 -0.997332 -0.997332 0.000000 -0.072998 0.000000 1.000000 0.000000
-2.050600 2.191513 0.000000
2.652352 0.817158 3.487322
1
1.000000 1.000000 1.000000
1.000000 1.000000 1.000000
0.000000 0.000000 0.000000
0.516958 -0.856011 0.000000 0.000000 0.000000 1.000000 -0.856011 -0.516958 0.000000
0.072998 0.000000 -0.997332 -0.997332 0.000000 -0.072998 0.000000 1.000000 0.000000
0.516958 0.000000 -0.856011 -0.856011 0.000000 -0.516958 0.000000 1.000000 0.000000
-2.050600 2.191513 0.000000
2.652352 0.817158 3.487322
1
1.000000 1.000000 1.000000
1.000000 1.000000 1.000000
0.000000 0.000000 0.000000
0.516958 -0.856011 0.000000 0.000000 0.000000 1.000000 -0.856011 -0.516958 0.000000
0.516958 0.000000 -0.856011 -0.856011 0.000000 -0.516958 0.000000 1.000000 0.000000
0.516958 0.000000 -0.856011 -0.856011 0.000000 -0.516958 0.000000 1.000000 0.000000
-2.857634 1.704133 0.000000
3.552687 0.817158 3.767037
1
1.000000 1.000000 1.000000
1.000000 1.000000 1.000000
0.000000 0.000000 0.000000
0.721872 -0.692027 0.000000 0.000000 0.000000 1.000000 -0.692027 -0.721872 0.000000
0.516958 0.000000 -0.856011 -0.856011 0.000000 -0.516958 0.000000 1.000000 0.000000
0.721872 0.000000 -0.692027 -0.692027 0.000000 -0.721872 0.000000 1.000000 0.000000
-2.857634 1.704133 0.000000
3.552687 0.817158 3.767037
1
1.000000 1.000000 1.000000
1.000000 1.000000 1.000000
0.000000 0.000000 0.000000
0.721872 -0.692027 0.000000 0.000000 0.000000 1.000000 -0.692027 -0.721872 0.000000
0.721872 0.000000 -0.692027 -0.692027 0.000000 -0.721872 0.000000 1.000000 0.000000
0.721872 0.000000 -0.692027 -0.692027 0.000000 -0.721872 0.000000 1.000000 0.000000
-3.761108 0.761695 0.000000
4.857291 0.817158 3.816655
1
1.000000 1.000000 1.000000
1.000000 1.000000 1.000000
0.000000 0.000000 0.000000
-0.700734 0.713423 0.000000 -0.000000 0.000000 -1.000000 -0.713421 -0.700736 0.000000
0.721872 0.000000 -0.692027 -0.692027 0.000000 -0.721872 0.000000 1.000000 0.000000
-0.700734 -0.000000 -0.713421 0.713423 0.000000 -0.700736 0.000000 -1.000000 0.000000
-3.761108 0.761695 0.000000
4.857291 0.817158 3.816655
1
1.000000 1.000000 1.000000
1.000000 1.000000 1.000000
0.000000 0.000000 0.000000
-0.700734 0.713423 0.000000 -0.000000 0.000000 -1.000000 -0.713421 -0.700736 0.000000
-0.700734 0.000000 -0.713421 0.713423 0.000000 -0.700736 0.000000 -1.000000 0.000000
-0.700734 -0.000000 -0.713421 0.713423 0.000000 -0.700736 0.000000 -1.000000 0.000000
-4.628970 -0.090736 0.000000
6.070952 0.817158 3.899422
1
1.000000 1.000000 1.000000
1.000000 1.000000 1.000000
0.000000 0.000000 0.000000
-0.520001 0.854166 0.000000 -0.000000 0.000000 -1.000000 -0.854166 -0.520001 0.000000
-0.700734 0.000000 -0.713421 0.713423 0.000000 -0.700736 0.000000 -1.000000 0.000000
-0.520001 -0.000000 -0.854166 0.854166 0.000000 -0.520001 0.000000 -1.000000 0.000000
-4.628970 -0.090736 0.000000
6.070952 0.817158 3.899422
1
1.000000 1.000000 1.000000
1.000000 1.000000 1.000000
0.000000 0.000000 0.000000
-0.520001 0.854166 0.000000 -0.000000 0.000000 -1.000000 -0.854166 -0.520001 0.000000
-0.520001 0.000000 -0.854166 0.854166 0.000000 -0.520001 0.000000 -1.000000 0.000000
-0.520001 -0.000000 -0.854166 0.854166 0.000000 -0.520001 0.000000 -1.000000 0.000000
-5.700355 -0.742976 0.000000
7.270098 0.817158 4.267297
1
1.000000 1.000000 1.000000
1.000000 1.000000 1.000000
0.000000 0.000000 0.000000
-0.409594 0.912268 0.000000 -0.000000 0.000000 -1.000000 -0.912268 -0.409594 0.000000
-0.520001 0.000000 -0.854166 0.854166 0.000000 -0.520001 0.000000 -1.000000 0.000000
-0.409594 -0.000000 -0.912268 0.912268 0.000000 -0.409594 0.000000 -1.000000 0.000000
-5.700355 -0.742976 0.000000
7.270098 0.817158 4.267297
1
1.000000 1.000000 1.000000
1.000000 1.000000 1.000000
0.000000 0.000000 0.000000
-0.409594 0.912268 0.000000 -0.000000 0.000000 -1.000000 -0.912268 -0.409594 0.000000
-0.409594 0.000000 -0.912268 0.912268 0.000000 -0.409594 0.000000 -1.000000 0.000000
-0.409594 -0.000000 -0.912268 0.912268 0.000000 -0.409594 0.000000 -1.000000 0.000000
-6.951239 -1.304604 0.000000
8.520701 0.817158 4.829550
1
1.000000 1.000000 1.000000
1.000000 1.000000 1.000000
0.000000 0.000000 0.000000
-0.161253 0.986913 0.000000 -0.000000 0.000000 -1.000000 -0.986913 -0.161253 0.000000
-0.409594 0.000000 -0.912268 0.912268 0.000000 -0.409594 0.000000 -1.000000 0.000000
-0.161253 -0.000000 -0.986913 0.986913 0.000000 -0.161253 0.000000 -1.000000 0.000000
-6.951239 -1.304604 0.000000
8.520701 0.817158 4.829550
1
1.000000 1.000000 1.000000
1.000000 1.000000 1.000000
0.000000 0.000000 0.000000
-0.161253 0.986913 0.000000 -0.000000 0.000000 -1.000000 -0.986913 -0.161253 0.000000
-0.161253 0.000000 -0.986913 0.986913 0.000000 -0.161253 0.000000 -1.000000 0.000000
-0.161253 -0.000000 -0.986913 0.986913 0.000000 -0.161253 0.000000 -1.000000 0.000000
-8.257960 -1.518110 0.000000
9.548113 0.817158 5.664734
1
1.000000 1.000000 1.000000
1.000000 1.000000 1.000000
0.000000 0.000000 0.000000
0.034276 0.999412 0.000000 0.000000 0.000000 -1.000000 -0.999412 0.034277 0.000000
-0.161253 0.000000 -0.986913 0.986913 0.000000 -0.161253 0.000000 -1.000000 0.000000
0.034276 0.000000 -0.999412 0.999412 0.000000 0.034277 0.000000 -1.000000 0.000000
-8.257960 -1.518110 0.000000
9.548113 0.817158 5.664734
1
1.000000 1.000000 1.000000
1.000000 1.000000 1.000000
0.000000 0.000000 0.000000
0.034276 0.999412 0.000000 0.000000 0.000000 -1.000000 -0.999412 0.034277 0.000000
0.034276 0.000000 -0.999412 0.999412 0.000000 0.034277 0.000000 -1.000000 0.000000
0.034276 0.000000 -0.999412 0.999412 0.000000 0.034277 0.000000 -1.000000 0.000000
-9.623644 -1.471272 0.000000
10.420032 0.817158 6.716895
1
1.000000 1.000000 1.000000
1.000000 1.000000 1.000000
0.000000 0.000000 0.000000
0.277465 0.960736 0.000000 0.000000 0.000000 -1.000000 -0.960735 0.277466 0.000000
0.034276 0.000000 -0.999412 0.999412 0.000000 0.034277 0.000000 -1.000000 0.000000
0.277465 0.000000 -0.960735 0.960736 0.000000 0.277466 0.000000 -1.000000 0.000000
-9.623644 -1.471272 0.000000
10.420032 0.817158 6.716895
1
1.000000 1.000000 1.000000
1.000000 1.000000 1.000000
0.000000 0.000000 0.000000
0.277465 0.960736 0.000000 0.000000 0.000000 -1.000000 -0.960735 0.277466 0.000000
0.277465 0.000000 -0.960735 0.960736 0.000000 0.277466 0.000000 -1.000000 0.000000
0.277465 0.000000 -0.960735 0.960736 0.000000 0.277466 0.000000 -1.000000 0.000000
-10.925825 -1.095194 0.000000
11.003625 0.817158 7.940222
1
1.000000 1.000000 1.000000
1.000000 1.000000 1.000000
0.000000 0.000000 0.000000
0.508548 0.861033 0.000000 0.000000 0.000000 -1.000000 -0.861033 0.508548 0.000000
0.277465 0.000000 -0.960735 0.960736 0.000000 0.277466 0.000000 -1.000000 0.000000
0.508548 0.000000 -0.861033 0.861033 0.000000 0.508548 0.000000 -1.000000 0.000000
-10.925825 -1.095194 0.000000
11.003625 0.817158 7.940222
1
1.000000 1.000000 1.000000
1.000000 1.000000 1.000000
0.000000 0.000000 0.000000
0.508548 0.861033 0.000000 0.000000 0.000000 -1.000000 -0.861033 0.508548 0.000000
0.508548 0.000000 -0.861033 0.861033 0.000000 0.508548 0.000000 -1.000000 0.000000
0.508548 0.000000 -0.861033 0.861033 0.000000 0.508548 0.000000 -1.000000 0.000000
-12.045775 -0.433723 0.000000
11.252824 0.817158 9.216832
1
1.000000 1.000000 1.000000
1.000000 1.000000 1.000000
0.000000 0.000000 0.000000
0.687823 0.725879 0.000000 0.000000 0.000000 -1.000000 -0.725878 0.687823 0.000000
0.508548 0.000000 -0.861033 0.861033 0.000000 0.508548 0.000000 -1.000000 0.000000
0.687823 0.000000 -0.725878 0.725879 0.000000 0.687823 0.000000 -1.000000 0.000000
-12.045775 -0.433723 0.000000
11.252824 0.817158 9.216832
1
1.000000 1.000000 1.000000
1.000000 1.000000 1.000000
0.000000 0.000000 0.000000
0.687823 0.725879 0.000000 0.000000 0.000000 -1.000000 -0.725878 0.687823 0.000000
0.687823 0.000000 -0.725878 0.725879 0.000000 0.687823 0.000000 -1.000000 0.000000
0.687823 0.000000 -0.725878 0.725879 0.000000 0.687823 0.000000 -1.000000 0.000000
-12.854576 0.332675 0.000000
11.216943 0.817158 10.330491
1
1.000000 1.000000 1.000000
1.000000 1.000000 1.000000
0.000000 0.000000 0.000000
0.757241 0.653136 0.000000 0.000000 0.000000 -1.000000 -0.653139 0.757238 0.000000
0.687823 0.000000 -0.725878 0.725879 0.000000 0.687823 0.000000 -1.000000 0.000000
0.757241 0.000000 -0.653139 0.653136 0.000000 0.757238 0.000000 -1.000000 0.000000
-12.854576 0.332675 0.000000
11.216943 0.817158 10.330491
1
1.000000 1.000000 1.000000
1.000000 1.000000 1.000000
0.000000 0.000000 0.000000
0.757241 0.653136 0.000000 0.000000 0.000000 -1.000000 -0.653139 0.757238 0.000000
0.757241 0.000000 -0.653139 0.653136 0.000000 0.757238 0.000000 -1.000000 0.000000
0.757241 0.000000 -0.653139 0.653136 0.000000 0.757238 0.000000 -1.000000 0.000000
-13.619793 1.219855 0.000000
11.061815 0.817158 11.491776

