Deformer
Deformer 0
952192336
0 27 12 1 12 1 1 0
953035416
953035824
953036232
953037048
953037456
953037864
953038272
953038680
953039088
953040352
953039536
953041576
953042392
953039944
953042800
953041984
953041168
953040760
953056736
953056328
953055512
953054696
953057960
953059592
953051840
953036640
953057144
952206992
952192712
860613344
952225152
953014352
953014704
953015008
953015328
953015680
953016112
953016176
952233352
952234040
812614880
812615016
812615288
812612296
953030304
953028944
953029080
953026632
953029624
953026088
953029896
953028808
860056904
953034240
0
0.000000 0.000000 0.000000
1.000000 0.000000 0.000000 0.000000 1.000000 0.000000 0.000000 0.000000 1.000000
0.000000 0.000000 0.000000
