Object
GeoMan_Clothes.obj
958067368
192 128 121 242 252 311 121
1 1
text 0 5 0
 coord 0.672801 0.437856
 uveds 0 3 219 223 289
text 1 4 1
 coord 0.676369 0.457298
 uveds 0 1 8 218
text 2 4 2
 coord 0.737137 0.457141
 uveds 1 2 10 201
text 3 5 3
 coord 0.742489 0.434177
 uveds 2 3 203 205 287
text 4 4 7
 coord 0.250629 0.567778
 uveds 4 7 200 285
text 5 3 6
 coord 0.271933 0.530770
 uveds 4 5 199
text 6 3 5
 coord 0.313726 0.530770
 uveds 5 6 222
text 7 4 4
 coord 0.335029 0.567778
 uveds 6 7 221 286
text 8 3 5
 coord 0.687884 0.475719
 uveds 8 9 220
text 9 3 6
 coord 0.729454 0.475719
 uveds 9 10 202
text 10 4 8
 coord 0.820994 0.534966
 uveds 11 14 19 197
text 11 4 11
 coord 0.802157 0.507112
 uveds 11 12 21 203
text 12 4 10
 coord 0.777229 0.509211
 uveds 12 13 22 201
text 13 4 9
 coord 0.785958 0.554358
 uveds 13 14 24 195
text 14 3 15
 coord 0.180142 0.536988
 uveds 15 18 200
text 15 3 12
 coord 0.158078 0.481177
 uveds 15 16 194
text 16 3 13
 coord 0.255694 0.455715
 uveds 16 17 193
text 17 3 14
 coord 0.268314 0.506060
 uveds 17 18 199
text 18 3 12
 coord 0.842700 0.510244
 uveds 19 20 198
text 19 3 15
 coord 0.820754 0.454407
 uveds 20 21 204
text 20 3 14
 coord 0.736072 0.506478
 uveds 22 23 202
text 21 3 13
 coord 0.748625 0.556845
 uveds 23 24 196
text 22 4 16
 coord 0.822882 0.755033
 uveds 25 28 33 191
text 23 4 19
 coord 0.829235 0.650191
 uveds 25 26 35 197
text 24 4 18
 coord 0.801375 0.650905
 uveds 26 27 36 195
text 25 4 17
 coord 0.801000 0.743373
 uveds 27 28 38 189
text 26 3 23
 coord 0.166788 0.342062
 uveds 29 32 194
text 27 3 20
 coord 0.163557 0.248075
 uveds 29 30 188
text 28 3 21
 coord 0.226127 0.247783
 uveds 30 31 187
text 29 3 22
 coord 0.228058 0.335909
 uveds 31 32 193
text 30 3 20
 coord 0.849324 0.743453
 uveds 33 34 192
text 31 3 23
 coord 0.846110 0.649423
 uveds 34 35 198
text 32 3 22
 coord 0.765046 0.655578
 uveds 36 37 196
text 33 3 21
 coord 0.766966 0.743745
 uveds 37 38 190
text 34 3 24
 coord 0.785194 0.887773
 uveds 39 42 47
text 35 4 27
 coord 0.785586 0.858607
 uveds 39 40 48 189
text 36 3 26
 coord 0.755359 0.849505
 uveds 40 41 190
text 37 2 25
 coord 0.752245 0.904506
 uveds 41 42
text 38 4 31
 coord 0.826020 0.861078
 uveds 43 46 48 191
text 39 3 28
 coord 0.832509 0.893504
 uveds 43 44 47
text 40 2 29
 coord 0.858878 0.903187
 uveds 44 45
text 41 3 30
 coord 0.858056 0.849438
 uveds 45 46 192
text 42 2 25
 coord 0.246997 0.082067
 uveds 49 52
text 43 3 26
 coord 0.245888 0.142071
 uveds 49 50 187
text 44 3 30
 coord 0.142640 0.142139
 uveds 50 51 188
text 45 2 29
 coord 0.141813 0.082380
 uveds 51 52
text 46 4 32
 coord 0.609177 0.538951
 uveds 53 56 63 213
text 47 4 33
 coord 0.639190 0.542674
 uveds 53 54 64 212
text 48 4 34
 coord 0.641988 0.494819
 uveds 54 55 66 218
text 49 4 35
 coord 0.612540 0.491637
 uveds 55 56 61 219
text 50 3 39
 coord 0.405516 0.536988
 uveds 57 60 221
text 51 3 38
 coord 0.317345 0.506060
 uveds 57 58 222
text 52 3 37
 coord 0.329965 0.455715
 uveds 58 59 216
text 53 3 36
 coord 0.427580 0.481177
 uveds 59 60 215
text 54 3 39
 coord 0.596584 0.454407
 uveds 61 62 224
text 55 3 36
 coord 0.574638 0.510244
 uveds 62 63 217
text 56 3 37
 coord 0.675756 0.553827
 uveds 64 65 214
text 57 3 38
 coord 0.688309 0.503459
 uveds 65 66 220
text 58 4 40
 coord 0.596665 0.745637
 uveds 67 70 77 207
text 59 4 41
 coord 0.619168 0.744795
 uveds 67 68 78 206
text 60 4 42
 coord 0.622199 0.651963
 uveds 68 69 80 212
text 61 4 43
 coord 0.602986 0.648220
 uveds 69 70 75 213
text 62 3 47
 coord 0.418871 0.342062
 uveds 71 74 215
text 63 3 46
 coord 0.357601 0.335909
 uveds 71 72 216
text 64 3 45
 coord 0.359532 0.247783
 uveds 72 73 210
text 65 3 44
 coord 0.422101 0.248075
 uveds 73 74 209
text 66 3 47
 coord 0.571228 0.649423
 uveds 75 76 217
text 67 3 44
 coord 0.568015 0.743453
 uveds 76 77 211
text 68 3 45
 coord 0.662445 0.743745
 uveds 78 79 208
text 69 3 46
 coord 0.664366 0.655578
 uveds 79 80 214
text 70 3 48
 coord 0.631822 0.904484
 uveds 81 84 90
text 71 2 49
 coord 0.663082 0.909537
 uveds 81 82
text 72 3 50
 coord 0.661979 0.849505
 uveds 82 83 208
text 73 4 51
 coord 0.632672 0.868678
 uveds 83 84 89 206
text 74 4 55
 coord 0.589533 0.858910
 uveds 85 88 89 207
text 75 3 54
 coord 0.559282 0.849438
 uveds 85 86 211
text 76 2 53
 coord 0.558460 0.909224
 uveds 86 87
text 77 3 52
 coord 0.577331 0.903236
 uveds 87 88 90
text 78 2 49
 coord 0.338662 0.082067
 uveds 91 94
text 79 2 53
 coord 0.443845 0.082380
 uveds 91 92
text 80 3 54
 coord 0.443019 0.142139
 uveds 92 93 209
text 81 3 50
 coord 0.339770 0.142071
 uveds 93 94 210
text 82 3 56
 coord 0.746038 0.341482
 uveds 95 98 280
text 83 4 57
 coord 0.722471 0.336635
 uveds 95 96 107 279
text 84 4 58
 coord 0.722587 0.391544
 uveds 96 97 108 287
text 85 3 59
 coord 0.740505 0.385447
 uveds 97 98 288
text 86 3 63
 coord 0.669790 0.378404
 uveds 99 102 290
text 87 4 62
 coord 0.688681 0.390792
 uveds 99 100 108 289
text 88 4 61
 coord 0.687470 0.340564
 uveds 100 101 107 281
text 89 3 60
 coord 0.667276 0.336451
 uveds 101 102 282
text 90 3 56
 coord 0.255260 0.649861
 uveds 103 106 283
text 91 3 59
 coord 0.260822 0.605916
 uveds 103 104 285
text 92 3 63
 coord 0.324836 0.605916
 uveds 104 105 286
text 93 3 60
 coord 0.330398 0.649861
 uveds 105 106 284
text 94 3 64
 coord 0.762812 0.242586
 uveds 109 112 274
text 95 4 65
 coord 0.733850 0.239696
 uveds 109 110 121 273
text 96 4 66
 coord 0.734208 0.290278
 uveds 110 111 122 279
text 97 3 67
 coord 0.759276 0.292681
 uveds 111 112 280
text 98 3 71
 coord 0.658062 0.292681
 uveds 113 116 282
text 99 4 70
 coord 0.687786 0.290258
 uveds 113 114 122 281
text 100 4 69
 coord 0.685487 0.235275
 uveds 114 115 121 275
text 101 3 68
 coord 0.654526 0.242586
 uveds 115 116 276
text 102 3 64
 coord 0.238395 0.748711
 uveds 117 120 277
text 103 3 67
 coord 0.241950 0.698639
 uveds 117 118 283
text 104 3 71
 coord 0.343708 0.698639
 uveds 118 119 284
text 105 3 68
 coord 0.347263 0.748711
 uveds 119 120 278
text 106 4 72
 coord 0.228131 0.840999
 uveds 123 126 248 309
text 107 4 75
 coord 0.227425 0.787374
 uveds 123 124 247 277
text 108 4 79
 coord 0.358234 0.787374
 uveds 124 125 272 278
text 109 4 76
 coord 0.357527 0.840999
 uveds 125 126 271 310
text 110 5 73
 coord 0.758800 0.162617
 uveds 127 130 244 246 295
text 111 5 77
 coord 0.665319 0.157250
 uveds 127 128 265 266 300
text 112 5 78
 coord 0.669520 0.180341
 uveds 128 129 268 270 275
text 113 5 74
 coord 0.748241 0.180642
 uveds 129 130 241 242 273
text 114 4 80
 coord 0.871607 0.212582
 uveds 131 134 139 239
text 115 4 83
 coord 0.836748 0.170504
 uveds 131 132 141 244
text 116 4 82
 coord 0.826759 0.188869
 uveds 132 133 142 241
text 117 4 81
 coord 0.859904 0.222615
 uveds 133 134 144 237
text 118 3 87
 coord 0.150329 0.830879
 uveds 135 138 248
text 119 3 84
 coord 0.109396 0.795291
 uveds 135 136 236
text 120 3 85
 coord 0.144945 0.773379
 uveds 136 137 235
text 121 3 86
 coord 0.175777 0.801830
 uveds 137 138 247
text 122 3 84
 coord 0.891123 0.195984
 uveds 139 140 240
text 123 3 87
 coord 0.852420 0.152331
 uveds 140 141 245
text 124 3 86
 coord 0.813035 0.215540
 uveds 142 143 243
text 125 3 85
 coord 0.843703 0.244005
 uveds 143 144 238
text 126 4 88
 coord 0.973844 0.383630
 uveds 145 148 153 232
text 127 4 91
 coord 0.954104 0.311393
 uveds 145 146 155 239
text 128 4 90
 coord 0.930489 0.317530
 uveds 146 147 156 237
text 129 4 89
 coord 0.948351 0.388511
 uveds 147 148 158 229
text 130 3 95
 coord 0.042890 0.685248
 uveds 149 152 236
text 131 3 92
 coord 0.017060 0.603905
 uveds 149 150 227
text 132 3 93
 coord 0.072676 0.600301
 uveds 150 151 226
text 133 3 94
 coord 0.092536 0.676454
 uveds 151 152 235
text 134 3 92
 coord 0.991964 0.384459
 uveds 153 154 234
text 135 3 95
 coord 0.963273 0.298078
 uveds 154 155 240
text 136 3 94
 coord 0.906892 0.326876
 uveds 156 157 238
text 137 3 93
 coord 0.927646 0.391064
 uveds 157 158 230
text 138 4 100
 coord 0.541567 0.206685
 uveds 159 162 169 260
text 139 4 101
 coord 0.557505 0.220383
 uveds 159 160 170 259
text 140 4 102
 coord 0.592373 0.180587
 uveds 160 161 172 268
text 141 4 103
 coord 0.584440 0.166701
 uveds 161 162 167 265
text 142 3 107
 coord 0.435329 0.830879
 uveds 163 166 271
text 143 3 106
 coord 0.409882 0.801830
 uveds 163 164 272
text 144 3 105
 coord 0.440714 0.773379
 uveds 164 165 263
text 145 3 104
 coord 0.476263 0.795291
 uveds 165 166 262
text 146 3 107
 coord 0.566931 0.150319
 uveds 167 168 267
text 147 3 104
 coord 0.526216 0.195984
 uveds 168 169 264
text 148 3 105
 coord 0.569636 0.243981
 uveds 170 171 261
text 149 3 106
 coord 0.602303 0.207516
 uveds 171 172 269
text 150 4 108
 coord 0.444328 0.386717
 uveds 173 176 183 251
text 151 4 109
 coord 0.470409 0.387673
 uveds 173 174 184 250
text 152 4 110
 coord 0.488906 0.318677
 uveds 174 175 186 259
text 153 4 111
 coord 0.471203 0.310652
 uveds 175 176 181 260
text 154 3 115
 coord 0.542769 0.685248
 uveds 177 180 262
text 155 3 114
 coord 0.493123 0.676454
 uveds 177 178 263
text 156 3 113
 coord 0.512983 0.600301
 uveds 178 179 256
text 157 3 112
 coord 0.568598 0.603905
 uveds 179 180 255
text 158 3 115
 coord 0.460066 0.306078
 uveds 181 182 264
text 159 3 112
 coord 0.434374 0.387459
 uveds 182 183 258
text 160 3 113
 coord 0.489692 0.391064
 uveds 184 185 253
text 161 3 114
 coord 0.509446 0.324876
 uveds 185 186 261
text 162 3 7
 coord 0.764729 0.423603
 uveds 204 205 288
text 163 3 4
 coord 0.653615 0.420584
 uveds 223 224 290
text 164 2 99
 coord 0.012423 0.495225
 uveds 225 227
text 165 2 98
 coord 0.073839 0.495802
 uveds 225 226
text 166 2 98
 coord 0.924490 0.492112
 uveds 228 230
text 167 3 96
 coord 0.939226 0.493764
 uveds 228 229 231
text 168 3 97
 coord 0.970679 0.496624
 uveds 231 232 233
text 169 2 99
 coord 0.987577 0.496189
 uveds 233 234
text 170 3 75
 coord 0.773724 0.203905
 uveds 242 243 274
text 171 3 72
 coord 0.775034 0.142207
 uveds 245 246 296
text 172 3 117
 coord 0.442277 0.499353
 uveds 249 251 257
text 173 3 116
 coord 0.477272 0.493953
 uveds 249 250 252
text 174 2 118
 coord 0.490849 0.495612
 uveds 252 253
text 175 2 118
 coord 0.511820 0.495802
 uveds 254 256
text 176 2 119
 coord 0.573236 0.495225
 uveds 254 255
text 177 2 119
 coord 0.429762 0.496189
 uveds 257 258
text 178 3 76
 coord 0.644317 0.140194
 uveds 266 267 304
text 179 3 79
 coord 0.643614 0.203905
 uveds 269 270 276
text 180 3 120
 coord 0.719274 0.127772
 uveds 291 294 299
text 181 4 124
 coord 0.739037 0.145195
 uveds 291 292 295 298
text 182 3 125
 coord 0.757304 0.128951
 uveds 292 293 296
text 183 2 121
 coord 0.739574 0.115696
 uveds 293 294
text 184 3 122
 coord 0.698006 0.125734
 uveds 297 299 303
text 185 4 126
 coord 0.681662 0.141492
 uveds 297 298 300 302
text 186 2 123
 coord 0.669716 0.115696
 uveds 301 303
text 187 3 127
 coord 0.657017 0.127945
 uveds 301 302 304
text 188 2 121
 coord 0.266822 0.866487
 uveds 305 308
text 189 3 125
 coord 0.247477 0.853743
 uveds 305 306 309
text 190 3 127
 coord 0.337175 0.853743
 uveds 306 307 310
text 191 2 123
 coord 0.316824 0.866487
 uveds 307 308
vert 0 5 1
 weight 0.000000
 coord 0.093444 0.586783 -0.114734
 coordT 0.093444 0.586783 -0.114734
 coordNT 0.340644 0.391114 -0.854980
 edges 0 3 184 187 235
 uvvrs 0
1030030464
vert 1 4 1
 weight 0.000000
 coord 0.083771 0.395122 -0.113090
 coordT 0.083771 0.395122 -0.113090
 coordNT -0.634285 -0.106830 -0.765683
 edges 0 1 8 183
 uvvrs 1
1030029888
vert 2 4 1
 weight 0.000000
 coord -0.053359 0.400797 -0.095117
 coordT -0.053359 0.400797 -0.095117
 coordNT 0.769552 -0.361507 -0.526405
 edges 1 2 9 172
 uvvrs 2
1030029984
vert 3 5 1
 weight 0.000000
 coord -0.093444 0.586783 -0.114734
 coordT -0.093444 0.586783 -0.114734
 coordNT -0.220211 0.369205 -0.902881
 edges 2 3 173 174 234
 uvvrs 3
1030028256
vert 4 5 2
 weight 0.000000
 coord 0.091976 0.583274 0.115894
 coordT 0.091976 0.583274 0.115894
 coordNT 0.278583 0.390799 0.877307
 edges 6 7 186 187 233
 uvvrs 7 163
1030023152
vert 5 4 2
 weight 0.000000
 coord 0.050852 0.406031 0.091572
 coordT 0.050852 0.406031 0.091572
 coordNT -0.844731 -0.056893 0.532159
 edges 5 6 8 185
 uvvrs 6 8
1030021904
vert 6 4 2
 weight 0.000000
 coord -0.085653 0.406618 0.116920
 coordT -0.085653 0.406618 0.116920
 coordNT 0.631556 -0.261452 0.729918
 edges 4 5 9 170
 uvvrs 5 9
1030023248
vert 7 5 2
 weight 0.000000
 coord -0.091976 0.583274 0.115894
 coordT -0.091976 0.583274 0.115894
 coordNT -0.339353 0.288555 0.895308
 edges 4 7 171 174 232
 uvvrs 4 162
1030017032
vert 8 4 1
 weight 0.000000
 coord -0.450184 0.357981 -0.257061
 coordT -0.350238 0.357658 -0.319294
 coordNT -0.493477 0.000895 -0.869758
 edges 10 13 18 169
 uvvrs 10
1030028640
vert 9 4 1
 weight 0.000000
 coord -0.045841 0.168463 -0.299690
 coordT -0.058150 0.057929 -0.156826
 coordNT 0.593504 -0.726615 -0.346099
 edges 12 13 21 168
 uvvrs 13
1030027680
vert 10 4 1
 weight 0.000000
 coord -0.007461 0.259839 -0.308010
 coordT 0.011434 0.128967 -0.159576
 coordNT 0.934603 -0.205234 -0.290511
 edges 11 12 20 172
 uvvrs 12
1030030176
vert 11 4 1
 weight 0.000000
 coord -0.406056 0.448840 -0.270150
 coordT -0.274190 0.425302 -0.323735
 coordNT 0.076136 0.631277 -0.771812
 edges 10 11 19 173
 uvvrs 11
1030028544
vert 12 4 2
 weight 0.000000
 coord -0.364253 0.415096 0.312870
 coordT -0.462212 0.541666 0.218949
 coordNT -0.722699 0.556161 0.410354
 edges 14 15 18 167
 uvvrs 15 18
1030016936
vert 13 4 2
 weight 0.000000
 coord 0.040087 0.226314 0.270425
 coordT -0.169922 0.242666 0.381484
 coordNT 0.367602 -0.169758 0.914358
 edges 15 16 21 166
 uvvrs 16 21
1030022384
vert 14 4 2
 weight 0.000000
 coord 0.074227 0.313652 0.250536
 coordT -0.101264 0.308020 0.367101
 coordNT 0.663513 0.088110 0.742958
 edges 16 17 20 170
 uvvrs 17 20
1030023056
vert 15 4 2
 weight 0.000000
 coord -0.322747 0.500102 0.296618
 coordT -0.389420 0.603796 0.211316
 coordNT -0.242878 0.871010 0.427027
 edges 14 17 19 171
 uvvrs 14 19
1030019336
vert 16 4 1
 weight 0.000000
 coord -0.316587 -0.514028 0.111757
 coordT -0.692633 -0.384272 0.184845
 coordNT -0.313483 0.177856 -0.932789
 edges 22 25 30 165
 uvvrs 22
1030028928
vert 17 4 1
 weight 0.000000
 coord -0.102458 -0.516032 0.102481
 coordT -0.506168 -0.447787 0.269857
 coordNT 0.902739 -0.227658 -0.365013
 edges 24 25 33 164
 uvvrs 25
1030033128
vert 18 4 1
 weight 0.000000
 coord -0.100272 -0.365784 0.096620
 coordT -0.445409 -0.310266 0.243219
 coordNT 0.703044 -0.629496 -0.330854
 edges 23 24 32 168
 uvvrs 24
1030027776
vert 19 4 1
 weight 0.000000
 coord -0.315060 -0.362090 0.105100
 coordT -0.631175 -0.244170 0.157013
 coordNT -0.524758 -0.149064 -0.838098
 edges 22 23 31 169
 uvvrs 23
1030027296
vert 20 4 2
 weight 0.000000
 coord -0.307433 -0.511586 0.325442
 coordT -0.759638 -0.323747 0.376516
 coordNT -0.815681 0.464359 0.345015
 edges 26 27 30 163
 uvvrs 27 30
1030017704
vert 21 4 2
 weight 0.000000
 coord -0.093025 -0.513578 0.316262
 coordT -0.573316 -0.388360 0.461709
 coordNT 0.400998 0.058990 0.914178
 edges 27 28 33 162
 uvvrs 28 33
1030023344
vert 22 4 2
 weight 0.000000
 coord -0.091397 -0.350810 0.309189
 coordT -0.509363 -0.240945 0.434735
 coordNT 0.382987 -0.064793 0.921479
 edges 28 29 32 166
 uvvrs 29 32
1030021136
vert 23 4 2
 weight 0.000000
 coord -0.305761 -0.347277 0.318263
 coordT -0.695041 -0.174955 0.349264
 coordNT -0.836192 0.390015 0.385579
 edges 26 29 31 167
 uvvrs 26 31
1030019240
vert 24 3 1
 weight 0.000000
 coord 0.009168 -1.173400 -0.101016
 coordT -0.590651 -1.139712 0.257741
 coordNT 0.862989 -0.388831 -0.322584
 edges 34 37 42
 uvvrs 34
1030033224
vert 25 3 2
 weight 0.000000
 coord 0.007200 -1.206070 0.263532
 coordT -0.732646 -1.058525 0.585535
 coordNT 0.332870 -0.043417 0.941973
 edges 36 37 45
 uvvrs 37 42
1030022960
vert 26 4 2
 weight 0.000000
 coord 0.010765 -1.017820 0.282981
 coordT -0.661964 -0.876003 0.569539
 coordNT 0.371559 0.038970 0.927591
 edges 35 36 44 162
 uvvrs 36 43
1030021040
vert 27 4 1
 weight 0.000000
 coord 0.010663 -0.986240 -0.089245
 coordT -0.522135 -0.966636 0.234821
 coordNT 0.916075 -0.203171 -0.345727
 edges 34 35 43 164
 uvvrs 35
1030033032
vert 28 3 1
 weight 0.000000
 coord -0.416794 -1.174090 -0.100980
 coordT -0.957036 -1.023505 0.073203
 coordNT -0.353728 -0.002885 -0.935344
 edges 38 39 42
 uvvrs 39
1030027488
vert 29 3 2
 weight 0.000000
 coord -0.414421 -1.207330 0.262808
 coordT -1.094291 -0.942786 0.402277
 coordNT -0.879983 0.341255 0.330418
 edges 39 40 45
 uvvrs 40 45
1030017608
vert 30 4 2
 weight 0.000000
 coord -0.418756 -1.017870 0.282991
 coordT -1.031155 -0.758248 0.383318
 coordNT -0.842811 0.423514 0.332123
 edges 40 41 44 163
 uvvrs 41 44
1030018760
vert 31 4 1
 weight 0.000000
 coord -0.418721 -0.986330 -0.089217
 coordT -0.891230 -0.848949 0.048683
 coordNT -0.292438 0.179888 -0.939213
 edges 38 41 43 165
 uvvrs 38
1030028832
vert 32 4 1
 weight 0.000000
 coord 0.450184 0.357981 -0.257061
 coordT 0.450184 0.357981 -0.257061
 coordNT 0.799866 -0.088923 -0.593554
 edges 46 49 55 180
 uvvrs 46
1030031136
vert 33 4 1
 weight 0.000000
 coord 0.045841 0.168463 -0.299690
 coordT 0.045841 0.168463 -0.299690
 coordNT -0.560267 -0.424801 -0.711087
 edges 46 47 56 179
 uvvrs 47
1030029792
vert 34 4 1
 weight 0.000000
 coord 0.007461 0.259839 -0.308010
 coordT 0.007461 0.259839 -0.308010
 coordNT -0.688033 0.200837 -0.697335
 edges 47 48 57 183
 uvvrs 48
1030027584
vert 35 4 1
 weight 0.000000
 coord 0.406056 0.448840 -0.270150
 coordT 0.406056 0.448840 -0.270150
 coordNT 0.367563 0.673471 -0.641353
 edges 48 49 54 184
 uvvrs 49
1030031040
vert 36 4 2
 weight 0.000000
 coord 0.364253 0.415096 0.312870
 coordT 0.364253 0.415096 0.312870
 coordNT 0.596933 0.178402 0.782204
 edges 52 53 55 182
 uvvrs 53 55
1030023920
vert 37 4 2
 weight 0.000000
 coord -0.040087 0.226314 0.270425
 coordT -0.040087 0.226314 0.270425
 coordNT -0.756820 -0.155678 0.634814
 edges 51 52 56 181
 uvvrs 52 56
1030023536
vert 38 4 2
 weight 0.000000
 coord -0.074227 0.313652 0.250536
 coordT -0.074227 0.313652 0.250536
 coordNT -0.895589 0.297902 0.330416
 edges 50 51 57 185
 uvvrs 51 57
1030023440
vert 39 4 2
 weight 0.000000
 coord 0.322747 0.500102 0.296618
 coordT 0.322747 0.500102 0.296618
 coordNT 0.103085 0.843488 0.527164
 edges 50 53 54 186
 uvvrs 50 54
1030022672
vert 40 4 1
 weight 0.000000
 coord 0.316587 -0.514028 0.111757
 coordT 0.316587 -0.514028 0.111757
 coordNT 0.722747 0.199785 -0.661606
 edges 58 61 67 176
 uvvrs 58
1030027968
vert 41 4 1
 weight 0.000000
 coord 0.102458 -0.516032 0.102481
 coordT 0.102458 -0.516032 0.102481
 coordNT -0.679156 0.196656 -0.707159
 edges 58 59 68 175
 uvvrs 59
1030029600
vert 42 4 1
 weight 0.000000
 coord 0.100272 -0.365784 0.096620
 coordT 0.100272 -0.365784 0.096620
 coordNT -0.635812 -0.294073 -0.713627
 edges 59 60 69 179
 uvvrs 60
1030029696
vert 43 4 1
 weight 0.000000
 coord 0.315060 -0.362090 0.105100
 coordT 0.315060 -0.362090 0.105100
 coordNT 0.768428 -0.236796 -0.594513
 edges 60 61 66 180
 uvvrs 61
1030029216
vert 44 4 2
 weight 0.000000
 coord 0.307433 -0.511586 0.325442
 coordT 0.307433 -0.511586 0.325442
 coordNT 0.678160 0.068311 0.731733
 edges 64 65 67 178
 uvvrs 65 67
1030020392
vert 45 4 2
 weight 0.000000
 coord 0.093025 -0.513578 0.316262
 coordT 0.093025 -0.513578 0.316262
 coordNT -0.723622 0.065704 0.687062
 edges 63 64 68 177
 uvvrs 64 68
1030023728
vert 46 4 2
 weight 0.000000
 coord 0.091397 -0.350810 0.309189
 coordT 0.091397 -0.350810 0.309189
 coordNT -0.745177 -0.055140 0.664583
 edges 62 63 69 181
 uvvrs 63 69
1030023632
vert 47 4 2
 weight 0.000000
 coord 0.305761 -0.347277 0.318263
 coordT 0.305761 -0.347277 0.318263
 coordNT 0.656198 -0.012851 0.754479
 edges 62 65 66 182
 uvvrs 62 66
1030020488
vert 48 3 1
 weight 0.000000
 coord -0.009168 -1.173400 -0.101016
 coordT -0.009168 -1.173400 -0.101016
 coordNT -0.707777 0.034708 -0.705583
 edges 70 73 79
 uvvrs 70
1030029024
vert 49 3 2
 weight 0.000000
 coord -0.007200 -1.206070 0.263532
 coordT -0.007200 -1.206070 0.263532
 coordNT -0.705822 -0.083341 0.703470
 edges 70 71 80
 uvvrs 71 78
1030021424
vert 50 4 2
 weight 0.000000
 coord -0.010765 -1.017820 0.282981
 coordT -0.010765 -1.017820 0.282981
 coordNT -0.710846 0.013780 0.703213
 edges 71 72 81 177
 uvvrs 72 81
1030021232
vert 51 4 1
 weight 0.000000
 coord -0.010663 -0.986240 -0.089245
 coordT -0.010663 -0.986240 -0.089245
 coordNT -0.690828 0.232166 -0.684730
 edges 72 73 78 175
 uvvrs 73
1030029312
vert 52 3 1
 weight 0.000000
 coord 0.416794 -1.174090 -0.100980
 coordT 0.416794 -1.174090 -0.100980
 coordNT 0.708049 0.032579 -0.705411
 edges 76 77 79
 uvvrs 77
1030028352
vert 53 3 2
 weight 0.000000
 coord 0.414421 -1.207330 0.262808
 coordT 0.414421 -1.207330 0.262807
 coordNT 0.706016 -0.085382 0.703031
 edges 75 76 80
 uvvrs 76 79
1030020104
vert 54 4 2
 weight 0.000000
 coord 0.418756 -1.017870 0.282991
 coordT 0.418756 -1.017870 0.282991
 coordNT 0.696404 0.006188 0.717624
 edges 74 75 81 178
 uvvrs 75 80
1030020296
vert 55 4 1
 weight 0.000000
 coord 0.418721 -0.986330 -0.089217
 coordT 0.418721 -0.986330 -0.089217
 coordNT 0.706197 0.225522 -0.671138
 edges 74 77 78 176
 uvvrs 74
1030028448
vert 56 4 2
 weight 0.000000
 coord -0.134231 0.838877 0.122331
 coordT -0.134231 0.838877 0.122331
 coordNT -0.683776 -0.151127 0.713871
 edges 82 85 91 229
 uvvrs 82 90
1030019528
vert 57 4 1
 weight 0.000000
 coord -0.134101 0.826982 -0.096478
 coordT -0.134101 0.826982 -0.096478
 coordNT -0.681042 -0.313266 -0.661851
 edges 82 83 92 228
 uvvrs 83
1030030080
vert 58 4 1
 weight 0.000000
 coord -0.134918 0.663928 -0.092132
 coordT -0.134918 0.663928 -0.092132
 coordNT -0.694051 -0.078435 -0.715641
 edges 83 84 93 234
 uvvrs 84
1030028160
vert 59 4 2
 weight 0.000000
 coord -0.134593 0.666390 0.127929
 coordT -0.134593 0.666390 0.127929
 coordNT -0.677097 -0.203013 0.707337
 edges 84 85 90 232
 uvvrs 85 91
1030018280
vert 60 4 2
 weight 0.000000
 coord 0.134231 0.838877 0.122331
 coordT 0.134231 0.838877 0.122331
 coordNT 0.683758 -0.151148 0.713883
 edges 88 89 91 231
 uvvrs 89 93
1030022096
vert 61 4 1
 weight 0.000000
 coord 0.134101 0.826982 -0.096478
 coordT 0.134101 0.826982 -0.096478
 coordNT 0.681045 -0.313287 -0.661837
 edges 87 88 92 230
 uvvrs 88
1030030656
vert 62 4 1
 weight 0.000000
 coord 0.134918 0.663928 -0.092132
 coordT 0.134918 0.663928 -0.092132
 coordNT 0.694067 -0.078233 -0.715647
 edges 86 87 93 235
 uvvrs 87
1030030272
vert 63 4 2
 weight 0.000000
 coord 0.134593 0.666390 0.127929
 coordT 0.134593 0.666390 0.127929
 coordNT 0.677191 -0.202851 0.707294
 edges 86 89 90 233
 uvvrs 86 92
1030022864
vert 64 4 2
 weight 0.000000
 coord -0.206999 1.206860 0.120916
 coordT -0.206999 1.206860 0.120917
 coordNT -0.736874 -0.250835 0.627772
 edges 94 97 103 225
 uvvrs 94 102
1030017128
vert 65 4 1
 weight 0.000000
 coord -0.205909 1.197660 -0.191413
 coordT -0.205909 1.197659 -0.191412
 coordNT -0.716098 -0.159794 -0.679462
 edges 94 95 104 224
 uvvrs 95
1030028736
vert 66 4 1
 weight 0.000000
 coord -0.204536 0.984264 -0.182235
 coordT -0.204536 0.984264 -0.182235
 coordNT -0.678643 -0.322675 -0.659792
 edges 95 96 105 228
 uvvrs 96
1030029120
vert 67 4 2
 weight 0.000000
 coord -0.204655 1.001410 0.132846
 coordT -0.204655 1.001411 0.132846
 coordNT -0.684480 -0.146634 0.714133
 edges 96 97 102 229
 uvvrs 97 103
1030019624
vert 68 4 2
 weight 0.000000
 coord 0.206999 1.206860 0.120916
 coordT 0.206999 1.206860 0.120917
 coordNT 0.734607 -0.256813 0.628013
 edges 100 101 103 227
 uvvrs 101 105
1030022288
vert 69 4 1
 weight 0.000000
 coord 0.205909 1.197660 -0.191413
 coordT 0.205909 1.197659 -0.191412
 coordNT 0.716451 -0.167205 -0.677304
 edges 99 100 104 226
 uvvrs 100
1030030944
vert 70 4 1
 weight 0.000000
 coord 0.204536 0.984264 -0.182235
 coordT 0.204536 0.984264 -0.182235
 coordNT 0.678623 -0.322700 -0.659800
 edges 98 99 105 230
 uvvrs 99
1030030752
vert 71 4 2
 weight 0.000000
 coord 0.204655 1.001410 0.132846
 coordT 0.204655 1.001411 0.132846
 coordNT 0.684484 -0.146664 0.714123
 edges 98 101 102 231
 uvvrs 98 104
1030021328
vert 72 5 2
 weight 0.000000
 coord -0.186873 1.552900 0.242356
 coordT -0.186873 1.552900 0.242356
 coordNT -0.303875 0.780765 0.545954
 edges 106 109 204 205 241
 uvvrs 106 171
1030019144
vert 73 5 1
 weight 0.000000
 coord -0.189148 1.615970 -0.233552
 coordT -0.189148 1.615970 -0.233552
 coordNT -0.284614 0.866795 -0.409465
 edges 110 113 203 205 240
 uvvrs 110
1030024880
vert 74 5 1
 weight 0.000000
 coord -0.199275 1.339770 -0.270159
 coordT -0.199275 1.339770 -0.270159
 coordNT -0.682455 -0.278071 -0.675967
 edges 112 113 200 201 224
 uvvrs 113
1030029504
vert 75 5 2
 weight 0.000000
 coord -0.197700 1.274050 0.205303
 coordT -0.197700 1.274051 0.205305
 coordNT -0.693382 -0.479931 0.537483
 edges 106 107 201 202 225
 uvvrs 107 170
1030020680
vert 76 5 2
 weight 0.000000
 coord 0.186873 1.552900 0.242356
 coordT 0.186873 1.552900 0.242356
 coordNT 0.312355 0.778765 0.544021
 edges 108 109 219 220 249
 uvvrs 109 178
1030017512
vert 77 5 1
 weight 0.000000
 coord 0.189148 1.615970 -0.233552
 coordT 0.189148 1.615970 -0.233552
 coordNT 0.349504 0.847380 -0.399743
 edges 110 111 218 219 245
 uvvrs 111
1030024592
vert 78 5 1
 weight 0.000000
 coord 0.199275 1.339770 -0.270159
 coordT 0.199275 1.339770 -0.270159
 coordNT 0.677790 -0.324180 -0.659930
 edges 111 112 221 223 226
 uvvrs 112
1030030848
vert 79 5 2
 weight 0.000000
 coord 0.197700 1.274050 0.205303
 coordT 0.197700 1.274051 0.205305
 coordNT 0.671212 -0.480488 0.564452
 edges 107 108 222 223 227
 uvvrs 108 179
1030021616
vert 80 4 1
 weight 0.000000
 coord -0.361100 1.508680 -0.136245
 coordT -0.361100 1.508680 -0.136245
 coordNT -0.362332 0.681319 -0.636018
 edges 114 117 122 199
 uvvrs 114
1030024688
vert 81 4 1
 weight 0.000000
 coord -0.219685 1.334090 -0.124016
 coordT -0.219685 1.334090 -0.124016
 coordNT 0.830711 0.102396 -0.547207
 edges 116 117 125 198
 uvvrs 117
1030028064
vert 82 4 1
 weight 0.000000
 coord -0.224474 1.342700 -0.114133
 coordT -0.224474 1.342700 -0.114133
 coordNT 0.150843 -0.490584 -0.858239
 edges 115 116 124 200
 uvvrs 116
1030029408
vert 83 4 1
 weight 0.000000
 coord -0.332276 1.532250 -0.128529
 coordT -0.332276 1.532250 -0.128529
 coordNT -0.414854 0.732165 -0.540214
 edges 114 115 123 203
 uvvrs 115
1030024112
vert 84 4 2
 weight 0.000000
 coord -0.393993 1.496500 0.088945
 coordT -0.393993 1.496500 0.088945
 coordNT -0.532864 0.372213 0.759943
 edges 118 119 122 197
 uvvrs 119 122
1030017224
vert 85 4 2
 weight 0.000000
 coord -0.254837 1.320280 0.100808
 coordT -0.254837 1.320280 0.100808
 coordNT 0.719494 -0.168769 0.673680
 edges 119 120 125 196
 uvvrs 120 125
1030020584
vert 86 4 2
 weight 0.000000
 coord -0.248950 1.332900 0.093215
 coordT -0.248950 1.332900 0.093215
 coordNT -0.060546 -0.629495 0.774642
 edges 120 121 124 202
 uvvrs 121 124
1030020776
vert 87 4 2
 weight 0.000000
 coord -0.357986 1.525220 0.094335
 coordT -0.357986 1.525220 0.094335
 coordNT -0.582929 0.559519 0.589180
 edges 118 121 123 204
 uvvrs 118 123
1030017320
vert 88 4 1
 weight 0.000000
 coord -0.663649 0.776309 -0.215402
 coordT -0.663649 0.776309 -0.215402
 coordNT -0.833523 0.031155 -0.551606
 edges 126 129 134 194
 uvvrs 126
1030024976
vert 89 4 1
 weight 0.000000
 coord -0.439576 0.743745 -0.285186
 coordT -0.439576 0.743745 -0.285186
 coordNT 0.552674 -0.066211 -0.830763
 edges 128 129 137 192
 uvvrs 129
1030027872
vert 90 4 1
 weight 0.000000
 coord -0.418114 0.869086 -0.277862
 coordT -0.418114 0.869086 -0.277862
 coordNT 0.575430 -0.043054 -0.816717
 edges 127 128 136 198
 uvvrs 128
1030027200
vert 91 4 1
 weight 0.000000
 coord -0.641148 0.906094 -0.207842
 coordT -0.641148 0.906094 -0.207842
 coordNT -0.775015 0.293455 -0.559674
 edges 126 127 135 199
 uvvrs 127
1030024784
vert 92 4 2
 weight 0.000000
 coord -0.614664 0.763195 -0.051886
 coordT -0.614664 0.763195 -0.051886
 coordNT -0.553678 0.064437 0.830234
 edges 130 131 134 190
 uvvrs 131 134
1030018088
vert 93 4 2
 weight 0.000000
 coord -0.390469 0.732853 -0.122076
 coordT -0.390469 0.732853 -0.122076
 coordNT 0.830904 -0.032402 0.555472
 edges 131 132 137 189
 uvvrs 132 137
1030020008
vert 94 4 2
 weight 0.000000
 coord -0.370839 0.845555 -0.115430
 coordT -0.370839 0.845555 -0.115430
 coordNT 0.776580 -0.305845 0.550802
 edges 132 133 136 196
 uvvrs 133 136
1030020872
vert 95 4 2
 weight 0.000000
 coord -0.594084 0.882704 -0.044807
 coordT -0.594084 0.882704 -0.044807
 coordNT -0.573790 0.028782 0.818497
 edges 130 133 135 197
 uvvrs 130 135
1030018952
vert 96 3 1
 weight 0.000000
 coord -0.378822 0.226905 -0.146544
 coordT -0.378822 0.226905 -0.146544
 coordNT 0.632591 -0.102497 -0.767674
 edges 191 192 193
 uvvrs 167
1030027392
vert 97 3 1
 weight 0.000000
 coord -0.635770 0.215065 -0.173222
 coordT -0.635770 0.215065 -0.173222
 coordNT -0.777413 -0.114804 -0.618424
 edges 193 194 195
 uvvrs 168
1030024208
vert 98 3 2
 weight 0.000000
 coord -0.393198 0.218698 -0.003880
 coordT -0.393198 0.218698 -0.003880
 coordNT 0.769398 0.113442 0.628615
 edges 188 189 191
 uvvrs 165 166
1030020200
vert 99 3 2
 weight 0.000000
 coord -0.649957 0.205529 -0.030156
 coordT -0.649957 0.205529 -0.030156
 coordNT -0.634318 0.099551 0.766635
 edges 188 190 195
 uvvrs 164 169
1030017992
vert 100 4 1
 weight 0.000000
 coord 0.361100 1.508680 -0.136245
 coordT 0.361100 1.508680 -0.136245
 coordNT 0.372009 0.684205 -0.627273
 edges 138 141 147 215
 uvvrs 138
1030022480
vert 101 4 1
 weight 0.000000
 coord 0.219685 1.334090 -0.124016
 coordT 0.219685 1.334090 -0.124016
 coordNT -0.821725 0.116899 -0.557766
 edges 138 139 148 214
 uvvrs 139
1030030560
vert 102 4 1
 weight 0.000000
 coord 0.224474 1.342700 -0.114133
 coordT 0.224474 1.342700 -0.114133
 coordNT -0.175023 -0.537561 -0.824861
 edges 139 140 149 221
 uvvrs 140
1030030368
vert 103 4 1
 weight 0.000000
 coord 0.332276 1.532250 -0.128529
 coordT 0.332276 1.532250 -0.128529
 coordNT 0.465194 0.701131 -0.540379
 edges 140 141 146 218
 uvvrs 141
1030022768
vert 104 4 2
 weight 0.000000
 coord 0.393993 1.496500 0.088945
 coordT 0.393993 1.496500 0.088945
 coordNT 0.548671 0.375100 0.747168
 edges 144 145 147 217
 uvvrs 145 147
1030019816
vert 105 4 2
 weight 0.000000
 coord 0.254837 1.320280 0.100808
 coordT 0.254837 1.320280 0.100808
 coordNT -0.708042 -0.166867 0.686171
 edges 143 144 148 216
 uvvrs 144 148
1030021520
vert 106 4 2
 weight 0.000000
 coord 0.248950 1.332900 0.093215
 coordT 0.248950 1.332900 0.093215
 coordNT 0.008888 -0.582879 0.812510
 edges 142 143 149 222
 uvvrs 143 149
1030024016
vert 107 4 2
 weight 0.000000
 coord 0.357986 1.525220 0.094335
 coordT 0.357986 1.525220 0.094335
 coordNT 0.567030 0.572548 0.592170
 edges 142 145 146 220
 uvvrs 142 146
1030018184
vert 108 4 1
 weight 0.000000
 coord 0.663649 0.776309 -0.215402
 coordT 0.663649 0.776309 -0.215402
 coordNT 0.831828 0.031320 -0.554149
 edges 150 153 159 208
 uvvrs 150
1030023824
vert 109 4 1
 weight 0.000000
 coord 0.439576 0.743745 -0.285186
 coordT 0.439576 0.743745 -0.285186
 coordNT -0.554854 -0.065808 -0.829341
 edges 150 151 160 207
 uvvrs 151
1030024304
vert 110 4 1
 weight 0.000000
 coord 0.418114 0.869086 -0.277862
 coordT 0.418114 0.869086 -0.277862
 coordNT -0.564508 -0.030252 -0.824873
 edges 151 152 161 214
 uvvrs 152
1030024496
vert 111 4 1
 weight 0.000000
 coord 0.641148 0.906094 -0.207842
 coordT 0.641148 0.906094 -0.207842
 coordNT 0.781859 0.297836 -0.547713
 edges 152 153 158 215
 uvvrs 153
1030022192
vert 112 4 2
 weight 0.000000
 coord 0.614664 0.763195 -0.051886
 coordT 0.614664 0.763195 -0.051886
 coordNT 0.551410 0.064096 0.831769
 edges 156 157 159 212
 uvvrs 157 159
1030018376
vert 113 4 2
 weight 0.000000
 coord 0.390469 0.732853 -0.122076
 coordT 0.390469 0.732853 -0.122076
 coordNT -0.832570 -0.033279 0.552919
 edges 155 156 160 210
 uvvrs 156 160
1030022576
vert 114 4 2
 weight 0.000000
 coord 0.370839 0.845555 -0.115430
 coordT 0.370839 0.845555 -0.115430
 coordNT -0.767141 -0.305866 0.563863
 edges 154 155 161 216
 uvvrs 155 161
1030021712
vert 115 4 2
 weight 0.000000
 coord 0.594084 0.882704 -0.044807
 coordT 0.594084 0.882704 -0.044807
 coordNT 0.589462 0.033698 0.807093
 edges 154 157 158 217
 uvvrs 154 158
1030018664
vert 116 3 1
 weight 0.000000
 coord 0.378822 0.226905 -0.146544
 coordT 0.378822 0.226905 -0.146544
 coordNT -0.636506 -0.101583 -0.764552
 edges 206 207 209
 uvvrs 173
1030024400
vert 117 3 1
 weight 0.000000
 coord 0.635770 0.215065 -0.173222
 coordT 0.635770 0.215065 -0.173222
 coordNT 0.773400 -0.114798 -0.623437
 edges 206 208 213
 uvvrs 172
1030022000
vert 118 3 2
 weight 0.000000
 coord 0.393198 0.218698 -0.003880
 coordT 0.393198 0.218698 -0.003880
 coordNT -0.773612 0.111322 0.623805
 edges 209 210 211
 uvvrs 174 175
1030021808
vert 119 3 2
 weight 0.000000
 coord 0.649957 0.205529 -0.030156
 coordT 0.649957 0.205529 -0.030156
 coordNT 0.630202 0.098992 0.770095
 edges 211 212 213
 uvvrs 176 177
1030019720
vert 120 3 1
 weight 0.000000
 coord -0.107890 1.706950 -0.069068
 coordT -0.107890 1.706950 -0.069068
 coordNT -0.597591 0.700379 -0.390325
 edges 236 239 244
 uvvrs 180
0
vert 121 3 2
 weight 0.000000
 coord -0.101503 1.640200 0.127108
 coordT -0.101503 1.640200 0.127108
 coordNT -0.573769 0.491124 0.655429
 edges 238 239 251
 uvvrs 183 188
1030018472
vert 122 3 1
 weight 0.000000
 coord 0.107890 1.706950 -0.069068
 coordT 0.107890 1.706950 -0.069068
 coordNT 0.611284 0.679923 -0.405015
 edges 242 244 248
 uvvrs 184
0
vert 123 3 2
 weight 0.000000
 coord 0.101503 1.640200 0.127108
 coordT 0.101503 1.640200 0.127108
 coordNT 0.591891 0.474656 0.651434
 edges 246 248 251
 uvvrs 186 191
1030017416
vert 124 4 1
 weight 0.000000
 coord -0.148519 1.605350 -0.165488
 coordT -0.148519 1.605350 -0.165488
 coordNT -0.240515 0.965148 -0.103156
 edges 236 237 240 243
 uvvrs 181
0
vert 125 4 2
 weight 0.000000
 coord -0.144188 1.540450 0.170554
 coordT -0.144188 1.540450 0.170554
 coordNT -0.235888 0.901968 0.361677
 edges 237 238 241 250
 uvvrs 182 189
1030018568
vert 126 4 1
 weight 0.000000
 coord 0.148519 1.605350 -0.165488
 coordT 0.148519 1.605350 -0.165488
 coordNT 0.272156 0.956047 -0.109115
 edges 242 243 245 247
 uvvrs 185
0
vert 127 4 2
 weight 0.000000
 coord 0.144188 1.540450 0.170554
 coordT 0.144188 1.540450 0.170554
 coordNT 0.269038 0.893321 0.359994
 edges 246 247 249 250
 uvvrs 187 190
1030019912
edge 0 1 2
 weight 0.000000
 verts 0 1
 polys 0 73
 slots 0 2
 uveds 0
0
edge 1 1 2
 weight 0.000000
 verts 1 2
 polys 0 2
 slots 1 3
 uveds 1
1030067072
edge 2 1 2
 weight 0.000000
 verts 2 3
 polys 0 63
 slots 2 2
 uveds 2
0
edge 3 1 2
 weight 0.000000
 verts 3 0
 polys 0 111
 slots 3 2
 uveds 3
0
edge 4 1 2
 weight 0.000000
 verts 7 6
 polys 1 61
 slots 0 2
 uveds 4
0
edge 5 2 2
 weight 0.000000
 verts 6 5
 polys 1 2
 slots 1 1
 uveds 5 9
1030059040
edge 6 1 2
 weight 0.000000
 verts 5 4
 polys 1 75
 slots 2 2
 uveds 6
0
edge 7 1 2
 weight 0.000000
 verts 4 7
 polys 1 109
 slots 3 2
 uveds 7
0
edge 8 1 2
 weight 0.000000
 verts 1 5
 polys 2 74
 slots 0 2
 uveds 8
0
edge 9 1 2
 weight 0.000000
 verts 6 2
 polys 2 62
 slots 2 2
 uveds 10
0
edge 10 1 2
 weight 0.000000
 verts 8 11
 polys 3 5
 slots 0 3
 uveds 11
1030063408
edge 11 1 2
 weight 0.000000
 verts 11 10
 polys 3 63
 slots 1 0
 uveds 12
0
edge 12 1 2
 weight 0.000000
 verts 10 9
 polys 3 6
 slots 2 0
 uveds 13
1030067336
edge 13 1 2
 weight 0.000000
 verts 9 8
 polys 3 59
 slots 3 2
 uveds 14
0
edge 14 2 2
 weight 0.000000
 verts 15 12
 polys 4 5
 slots 0 1
 uveds 15 20
1030057896
edge 15 1 2
 weight 0.000000
 verts 12 13
 polys 4 57
 slots 1 2
 uveds 16
0
edge 16 2 2
 weight 0.000000
 verts 13 14
 polys 4 6
 slots 2 2
 uveds 17 23
1030058952
edge 17 1 2
 weight 0.000000
 verts 14 15
 polys 4 61
 slots 3 0
 uveds 18
0
edge 18 1 2
 weight 0.000000
 verts 8 12
 polys 5 60
 slots 0 2
 uveds 19
0
edge 19 1 2
 weight 0.000000
 verts 15 11
 polys 5 64
 slots 2 0
 uveds 21
0
edge 20 1 2
 weight 0.000000
 verts 10 14
 polys 6 62
 slots 1 0
 uveds 22
0
edge 21 1 2
 weight 0.000000
 verts 13 9
 polys 6 58
 slots 3 2
 uveds 24
0
edge 22 1 2
 weight 0.000000
 verts 16 19
 polys 7 9
 slots 0 3
 uveds 25
1030067248
edge 23 1 2
 weight 0.000000
 verts 19 18
 polys 7 59
 slots 1 0
 uveds 26
0
edge 24 1 2
 weight 0.000000
 verts 18 17
 polys 7 10
 slots 2 0
 uveds 27
1030064608
edge 25 1 2
 weight 0.000000
 verts 17 16
 polys 7 55
 slots 3 2
 uveds 28
0
edge 26 2 2
 weight 0.000000
 verts 23 20
 polys 8 9
 slots 0 1
 uveds 29 34
1030057368
edge 27 1 2
 weight 0.000000
 verts 20 21
 polys 8 53
 slots 1 2
 uveds 30
0
edge 28 2 2
 weight 0.000000
 verts 21 22
 polys 8 10
 slots 2 2
 uveds 31 37
1030059216
edge 29 1 2
 weight 0.000000
 verts 22 23
 polys 8 57
 slots 3 0
 uveds 32
0
edge 30 1 2
 weight 0.000000
 verts 16 20
 polys 9 56
 slots 0 2
 uveds 33
0
edge 31 1 2
 weight 0.000000
 verts 23 19
 polys 9 60
 slots 2 0
 uveds 35
0
edge 32 1 2
 weight 0.000000
 verts 18 22
 polys 10 58
 slots 1 0
 uveds 36
0
edge 33 1 2
 weight 0.000000
 verts 21 17
 polys 10 54
 slots 3 2
 uveds 38
0
edge 34 1 2
 weight 0.000000
 verts 24 27
 polys 11 13
 slots 0 3
 uveds 39
1030064784
edge 35 1 2
 weight 0.000000
 verts 27 26
 polys 11 54
 slots 1 0
 uveds 40
0
edge 36 2 2
 weight 0.000000
 verts 26 25
 polys 11 14
 slots 2 0
 uveds 41 49
1030058864
edge 37 1 1
 weight 0.000000
 verts 25 24
 polys 11
 slots 3
 uveds 42
1030065752
edge 38 1 2
 weight 0.000000
 verts 31 28
 polys 12 13
 slots 0 1
 uveds 43
1030067424
edge 39 1 1
 weight 0.000000
 verts 28 29
 polys 12
 slots 1
 uveds 44
1030064872
edge 40 2 2
 weight 0.000000
 verts 29 30
 polys 12 14
 slots 2 2
 uveds 45 51
1030056136
edge 41 1 2
 weight 0.000000
 verts 30 31
 polys 12 56
 slots 3 0
 uveds 46
0
edge 42 1 1
 weight 0.000000
 verts 24 28
 polys 13
 slots 0
 uveds 47
1030064432
edge 43 1 2
 weight 0.000000
 verts 31 27
 polys 13 55
 slots 2 0
 uveds 48
0
edge 44 1 2
 weight 0.000000
 verts 26 30
 polys 14 53
 slots 1 0
 uveds 50
0
edge 45 1 1
 weight 0.000000
 verts 29 25
 polys 14
 slots 3
 uveds 52
1030065136
edge 46 1 2
 weight 0.000000
 verts 32 33
 polys 15 69
 slots 0 2
 uveds 53
0
edge 47 1 2
 weight 0.000000
 verts 33 34
 polys 15 18
 slots 1 3
 uveds 54
1030067776
edge 48 1 2
 weight 0.000000
 verts 34 35
 polys 15 73
 slots 2 0
 uveds 55
0
edge 49 1 2
 weight 0.000000
 verts 35 32
 polys 15 17
 slots 3 0
 uveds 56
1030061208
edge 50 1 2
 weight 0.000000
 verts 39 38
 polys 16 75
 slots 0 0
 uveds 57
0
edge 51 2 2
 weight 0.000000
 verts 38 37
 polys 16 18
 slots 1 1
 uveds 58 65
1030059392
edge 52 1 2
 weight 0.000000
 verts 37 36
 polys 16 71
 slots 2 2
 uveds 59
0
edge 53 2 2
 weight 0.000000
 verts 36 39
 polys 16 17
 slots 3 2
 uveds 60 62
1030058600
edge 54 1 2
 weight 0.000000
 verts 35 39
 polys 17 76
 slots 1 0
 uveds 61
0
edge 55 1 2
 weight 0.000000
 verts 36 32
 polys 17 72
 slots 3 2
 uveds 63
0
edge 56 1 2
 weight 0.000000
 verts 33 37
 polys 18 70
 slots 0 2
 uveds 64
0
edge 57 1 2
 weight 0.000000
 verts 38 34
 polys 18 74
 slots 2 0
 uveds 66
0
edge 58 1 2
 weight 0.000000
 verts 40 41
 polys 19 65
 slots 0 2
 uveds 67
0
edge 59 1 2
 weight 0.000000
 verts 41 42
 polys 19 22
 slots 1 3
 uveds 68
1030068128
edge 60 1 2
 weight 0.000000
 verts 42 43
 polys 19 69
 slots 2 0
 uveds 69
0
edge 61 1 2
 weight 0.000000
 verts 43 40
 polys 19 21
 slots 3 0
 uveds 70
1030060152
edge 62 1 2
 weight 0.000000
 verts 47 46
 polys 20 71
 slots 0 0
 uveds 71
0
edge 63 2 2
 weight 0.000000
 verts 46 45
 polys 20 22
 slots 1 1
 uveds 72 79
1030061472
edge 64 1 2
 weight 0.000000
 verts 45 44
 polys 20 67
 slots 2 2
 uveds 73
0
edge 65 2 2
 weight 0.000000
 verts 44 47
 polys 20 21
 slots 3 2
 uveds 74 76
1030057632
edge 66 1 2
 weight 0.000000
 verts 43 47
 polys 21 72
 slots 1 0
 uveds 75
0
edge 67 1 2
 weight 0.000000
 verts 44 40
 polys 21 68
 slots 3 2
 uveds 77
0
edge 68 1 2
 weight 0.000000
 verts 41 45
 polys 22 66
 slots 0 2
 uveds 78
0
edge 69 1 2
 weight 0.000000
 verts 46 42
 polys 22 70
 slots 2 0
 uveds 80
0
edge 70 1 1
 weight 0.000000
 verts 48 49
 polys 23
 slots 0
 uveds 81
1030064256
edge 71 2 2
 weight 0.000000
 verts 49 50
 polys 23 26
 slots 1 3
 uveds 82 94
1030062088
edge 72 1 2
 weight 0.000000
 verts 50 51
 polys 23 66
 slots 2 0
 uveds 83
0
edge 73 1 2
 weight 0.000000
 verts 51 48
 polys 23 25
 slots 3 0
 uveds 84
1030067160
edge 74 1 2
 weight 0.000000
 verts 55 54
 polys 24 68
 slots 0 0
 uveds 85
0
edge 75 2 2
 weight 0.000000
 verts 54 53
 polys 24 26
 slots 1 1
 uveds 86 92
1030058776
edge 76 1 1
 weight 0.000000
 verts 53 52
 polys 24
 slots 2
 uveds 87
1030064344
edge 77 1 2
 weight 0.000000
 verts 52 55
 polys 24 25
 slots 3 2
 uveds 88
1030063936
edge 78 1 2
 weight 0.000000
 verts 51 55
 polys 25 65
 slots 1 0
 uveds 89
0
edge 79 1 1
 weight 0.000000
 verts 52 48
 polys 25
 slots 3
 uveds 90
1030064960
edge 80 1 1
 weight 0.000000
 verts 49 53
 polys 26
 slots 0
 uveds 91
1030066984
edge 81 1 2
 weight 0.000000
 verts 54 50
 polys 26 67
 slots 2 0
 uveds 93
0
edge 82 1 2
 weight 0.000000
 verts 56 57
 polys 27 105
 slots 0 2
 uveds 95
0
edge 83 1 2
 weight 0.000000
 verts 57 58
 polys 27 30
 slots 1 3
 uveds 96
1030063144
edge 84 1 2
 weight 0.000000
 verts 58 59
 polys 27 110
 slots 2 0
 uveds 97
0
edge 85 2 2
 weight 0.000000
 verts 59 56
 polys 27 29
 slots 3 0
 uveds 98 103
1030056928
edge 86 1 2
 weight 0.000000
 verts 63 62
 polys 28 112
 slots 0 0
 uveds 99
0
edge 87 1 2
 weight 0.000000
 verts 62 61
 polys 28 30
 slots 1 1
 uveds 100
1030062880
edge 88 1 2
 weight 0.000000
 verts 61 60
 polys 28 107
 slots 2 2
 uveds 101
0
edge 89 2 2
 weight 0.000000
 verts 60 63
 polys 28 29
 slots 3 2
 uveds 102 105
1030058688
edge 90 1 2
 weight 0.000000
 verts 59 63
 polys 29 109
 slots 1 0
 uveds 104
0
edge 91 1 2
 weight 0.000000
 verts 60 56
 polys 29 108
 slots 3 2
 uveds 106
0
edge 92 1 2
 weight 0.000000
 verts 57 61
 polys 30 106
 slots 0 2
 uveds 107
0
edge 93 1 2
 weight 0.000000
 verts 62 58
 polys 30 111
 slots 2 0
 uveds 108
0
edge 94 1 2
 weight 0.000000
 verts 64 65
 polys 31 101
 slots 0 2
 uveds 109
0
edge 95 1 2
 weight 0.000000
 verts 65 66
 polys 31 34
 slots 1 3
 uveds 110
1030062968
edge 96 1 2
 weight 0.000000
 verts 66 67
 polys 31 105
 slots 2 0
 uveds 111
0
edge 97 2 2
 weight 0.000000
 verts 67 64
 polys 31 33
 slots 3 0
 uveds 112 117
1030058248
edge 98 1 2
 weight 0.000000
 verts 71 70
 polys 32 107
 slots 0 0
 uveds 113
0
edge 99 1 2
 weight 0.000000
 verts 70 69
 polys 32 34
 slots 1 1
 uveds 114
1030062616
edge 100 1 2
 weight 0.000000
 verts 69 68
 polys 32 103
 slots 2 2
 uveds 115
0
edge 101 2 2
 weight 0.000000
 verts 68 71
 polys 32 33
 slots 3 2
 uveds 116 119
1030056664
edge 102 1 2
 weight 0.000000
 verts 67 71
 polys 33 108
 slots 1 0
 uveds 118
0
edge 103 1 2
 weight 0.000000
 verts 68 64
 polys 33 104
 slots 3 2
 uveds 120
0
edge 104 1 2
 weight 0.000000
 verts 65 69
 polys 34 102
 slots 0 2
 uveds 121
0
edge 105 1 2
 weight 0.000000
 verts 70 66
 polys 34 106
 slots 2 0
 uveds 122
0
edge 106 1 2
 weight 0.000000
 verts 72 75
 polys 35 88
 slots 0 2
 uveds 123
0
edge 107 1 2
 weight 0.000000
 verts 75 79
 polys 35 104
 slots 1 0
 uveds 124
0
edge 108 1 2
 weight 0.000000
 verts 79 76
 polys 35 100
 slots 2 2
 uveds 125
0
edge 109 1 2
 weight 0.000000
 verts 76 72
 polys 35 120
 slots 3 1
 uveds 126
0
edge 110 1 2
 weight 0.000000
 verts 73 77
 polys 36 116
 slots 0 1
 uveds 127
1030060768
edge 111 1 2
 weight 0.000000
 verts 77 78
 polys 36 98
 slots 1 2
 uveds 128
0
edge 112 1 2
 weight 0.000000
 verts 78 74
 polys 36 102
 slots 2 0
 uveds 129
0
edge 113 1 2
 weight 0.000000
 verts 74 73
 polys 36 86
 slots 3 2
 uveds 130
0
edge 114 1 2
 weight 0.000000
 verts 80 83
 polys 37 39
 slots 0 3
 uveds 131
1030060944
edge 115 1 2
 weight 0.000000
 verts 83 82
 polys 37 86
 slots 1 0
 uveds 132
0
edge 116 1 2
 weight 0.000000
 verts 82 81
 polys 37 40
 slots 2 0
 uveds 133
1030064112
edge 117 1 2
 weight 0.000000
 verts 81 80
 polys 37 83
 slots 3 2
 uveds 134
0
edge 118 2 2
 weight 0.000000
 verts 87 84
 polys 38 39
 slots 0 1
 uveds 135 140
1030053528
edge 119 1 2
 weight 0.000000
 verts 84 85
 polys 38 81
 slots 1 2
 uveds 136
0
edge 120 2 2
 weight 0.000000
 verts 85 86
 polys 38 40
 slots 2 2
 uveds 137 143
1030056400
edge 121 1 2
 weight 0.000000
 verts 86 87
 polys 38 88
 slots 3 0
 uveds 138
0
edge 122 1 2
 weight 0.000000
 verts 80 84
 polys 39 84
 slots 0 2
 uveds 139
0
edge 123 1 2
 weight 0.000000
 verts 87 83
 polys 39 87
 slots 2 0
 uveds 141
0
edge 124 1 2
 weight 0.000000
 verts 82 86
 polys 40 85
 slots 1 0
 uveds 142
0
edge 125 1 2
 weight 0.000000
 verts 85 81
 polys 40 82
 slots 3 2
 uveds 144
0
edge 126 1 2
 weight 0.000000
 verts 88 91
 polys 41 43
 slots 0 3
 uveds 145
1030062440
edge 127 1 2
 weight 0.000000
 verts 91 90
 polys 41 83
 slots 1 0
 uveds 146
0
edge 128 1 2
 weight 0.000000
 verts 90 89
 polys 41 44
 slots 2 0
 uveds 147
1030064024
edge 129 1 2
 weight 0.000000
 verts 89 88
 polys 41 79
 slots 3 2
 uveds 148
0
edge 130 2 2
 weight 0.000000
 verts 95 92
 polys 42 43
 slots 0 1
 uveds 149 154
1030054584
edge 131 1 2
 weight 0.000000
 verts 92 93
 polys 42 77
 slots 1 2
 uveds 150
0
edge 132 2 2
 weight 0.000000
 verts 93 94
 polys 42 44
 slots 2 2
 uveds 151 157
1030057456
edge 133 1 2
 weight 0.000000
 verts 94 95
 polys 42 81
 slots 3 0
 uveds 152
0
edge 134 1 2
 weight 0.000000
 verts 88 92
 polys 43 80
 slots 0 2
 uveds 153
0
edge 135 1 2
 weight 0.000000
 verts 95 91
 polys 43 84
 slots 2 0
 uveds 155
0
edge 136 1 2
 weight 0.000000
 verts 90 94
 polys 44 82
 slots 1 0
 uveds 156
0
edge 137 1 2
 weight 0.000000
 verts 93 89
 polys 44 78
 slots 3 2
 uveds 158
0
edge 138 1 2
 weight 0.000000
 verts 100 101
 polys 45 93
 slots 0 2
 uveds 159
0
edge 139 1 2
 weight 0.000000
 verts 101 102
 polys 45 48
 slots 1 3
 uveds 160
1030062264
edge 140 1 2
 weight 0.000000
 verts 102 103
 polys 45 98
 slots 2 0
 uveds 161
0
edge 141 1 2
 weight 0.000000
 verts 103 100
 polys 45 47
 slots 3 0
 uveds 162
1030060680
edge 142 1 2
 weight 0.000000
 verts 107 106
 polys 46 100
 slots 0 0
 uveds 163
0
edge 143 2 2
 weight 0.000000
 verts 106 105
 polys 46 48
 slots 1 1
 uveds 164 171
1030059568
edge 144 1 2
 weight 0.000000
 verts 105 104
 polys 46 95
 slots 2 2
 uveds 165
0
edge 145 2 2
 weight 0.000000
 verts 104 107
 polys 46 47
 slots 3 2
 uveds 166 168
1030052208
edge 146 1 2
 weight 0.000000
 verts 103 107
 polys 47 97
 slots 1 0
 uveds 167
0
edge 147 1 2
 weight 0.000000
 verts 104 100
 polys 47 96
 slots 3 2
 uveds 169
0
edge 148 1 2
 weight 0.000000
 verts 101 105
 polys 48 94
 slots 0 2
 uveds 170
0
edge 149 1 2
 weight 0.000000
 verts 106 102
 polys 48 99
 slots 2 0
 uveds 172
0
edge 150 1 2
 weight 0.000000
 verts 108 109
 polys 49 89
 slots 0 2
 uveds 173
0
edge 151 1 2
 weight 0.000000
 verts 109 110
 polys 49 52
 slots 1 3
 uveds 174
1030061648
edge 152 1 2
 weight 0.000000
 verts 110 111
 polys 49 93
 slots 2 0
 uveds 175
0
edge 153 1 2
 weight 0.000000
 verts 111 108
 polys 49 51
 slots 3 0
 uveds 176
1030062176
edge 154 1 2
 weight 0.000000
 verts 115 114
 polys 50 95
 slots 0 0
 uveds 177
0
edge 155 2 2
 weight 0.000000
 verts 114 113
 polys 50 52
 slots 1 1
 uveds 178 185
1030059832
edge 156 1 2
 weight 0.000000
 verts 113 112
 polys 50 91
 slots 2 2
 uveds 179
0
edge 157 2 2
 weight 0.000000
 verts 112 115
 polys 50 51
 slots 3 2
 uveds 180 182
1030054408
edge 158 1 2
 weight 0.000000
 verts 111 115
 polys 51 96
 slots 1 0
 uveds 181
0
edge 159 1 2
 weight 0.000000
 verts 112 108
 polys 51 92
 slots 3 2
 uveds 183
0
edge 160 1 2
 weight 0.000000
 verts 109 113
 polys 52 90
 slots 0 2
 uveds 184
0
edge 161 1 2
 weight 0.000000
 verts 114 110
 polys 52 94
 slots 2 0
 uveds 186
0
edge 162 2 2
 weight 0.000000
 verts 26 21
 polys 53 54
 slots 1 3
 uveds 187 190
1030059656
edge 163 2 2
 weight 0.000000
 verts 20 30
 polys 53 56
 slots 3 1
 uveds 188 192
1030057104
edge 164 1 2
 weight 0.000000
 verts 27 17
 polys 54 55
 slots 1 3
 uveds 189
1030064696
edge 165 1 2
 weight 0.000000
 verts 31 16
 polys 55 56
 slots 1 3
 uveds 191
1030067952
edge 166 2 2
 weight 0.000000
 verts 22 13
 polys 57 58
 slots 1 3
 uveds 193 196
1030059480
edge 167 2 2
 weight 0.000000
 verts 12 23
 polys 57 60
 slots 3 1
 uveds 194 198
1030058072
edge 168 1 2
 weight 0.000000
 verts 18 9
 polys 58 59
 slots 1 3
 uveds 195
1030064520
edge 169 1 2
 weight 0.000000
 verts 19 8
 polys 59 60
 slots 1 3
 uveds 197
1030068040
edge 170 2 2
 weight 0.000000
 verts 14 6
 polys 61 62
 slots 1 3
 uveds 199 202
1030059304
edge 171 2 2
 weight 0.000000
 verts 7 15
 polys 61 64
 slots 3 1
 uveds 200 204
1030057808
edge 172 1 2
 weight 0.000000
 verts 10 2
 polys 62 63
 slots 1 3
 uveds 201
1030068216
edge 173 1 2
 weight 0.000000
 verts 11 3
 polys 63 64
 slots 1 3
 uveds 203
1030063320
edge 174 1 2
 weight 0.000000
 verts 7 3
 polys 64 110
 slots 2 2
 uveds 205
0
edge 175 1 2
 weight 0.000000
 verts 51 41
 polys 65 66
 slots 1 3
 uveds 206
1030067600
edge 176 1 2
 weight 0.000000
 verts 40 55
 polys 65 68
 slots 3 1
 uveds 207
1030061824
edge 177 2 2
 weight 0.000000
 verts 50 45
 polys 66 67
 slots 1 3
 uveds 208 210
1030060592
edge 178 2 2
 weight 0.000000
 verts 54 44
 polys 67 68
 slots 1 3
 uveds 209 211
1030057544
edge 179 1 2
 weight 0.000000
 verts 42 33
 polys 69 70
 slots 1 3
 uveds 212
1030067688
edge 180 1 2
 weight 0.000000
 verts 32 43
 polys 69 72
 slots 3 1
 uveds 213
1030062352
edge 181 2 2
 weight 0.000000
 verts 46 37
 polys 70 71
 slots 1 3
 uveds 214 216
1030061384
edge 182 2 2
 weight 0.000000
 verts 47 36
 polys 71 72
 slots 1 3
 uveds 215 217
1030058512
edge 183 1 2
 weight 0.000000
 verts 34 1
 polys 73 74
 slots 1 3
 uveds 218
1030067864
edge 184 1 2
 weight 0.000000
 verts 0 35
 polys 73 76
 slots 3 1
 uveds 219
1030060504
edge 185 2 2
 weight 0.000000
 verts 38 5
 polys 74 75
 slots 1 3
 uveds 220 222
1030059128
edge 186 2 2
 weight 0.000000
 verts 39 4
 polys 75 76
 slots 1 3
 uveds 221 224
1030056312
edge 187 1 2
 weight 0.000000
 verts 0 4
 polys 76 112
 slots 2 2
 uveds 223
0
edge 188 1 1
 weight 0.000000
 verts 99 98
 polys 77
 slots 0
 uveds 225
1030065312
edge 189 2 2
 weight 0.000000
 verts 98 93
 polys 77 78
 slots 1 3
 uveds 226 230
1030057280
edge 190 2 2
 weight 0.000000
 verts 92 99
 polys 77 80
 slots 3 1
 uveds 227 234
1030053440
edge 191 1 1
 weight 0.000000
 verts 98 96
 polys 78
 slots 0
 uveds 228
1030065488
edge 192 1 2
 weight 0.000000
 verts 96 89
 polys 78 79
 slots 1 3
 uveds 229
1030063496
edge 193 1 1
 weight 0.000000
 verts 96 97
 polys 79
 slots 0
 uveds 231
1030066368
edge 194 1 2
 weight 0.000000
 verts 97 88
 polys 79 80
 slots 1 3
 uveds 232
1030062528
edge 195 1 1
 weight 0.000000
 verts 97 99
 polys 80
 slots 0
 uveds 233
1030065400
edge 196 2 2
 weight 0.000000
 verts 94 85
 polys 81 82
 slots 1 3
 uveds 235 238
1030056224
edge 197 2 2
 weight 0.000000
 verts 84 95
 polys 81 84
 slots 3 1
 uveds 236 240
1030052296
edge 198 1 2
 weight 0.000000
 verts 90 81
 polys 82 83
 slots 1 3
 uveds 237
1030063672
edge 199 1 2
 weight 0.000000
 verts 91 80
 polys 83 84
 slots 1 3
 uveds 239
1030060328
edge 200 1 2
 weight 0.000000
 verts 82 74
 polys 85 86
 slots 1 3
 uveds 241
1030063760
edge 201 1 2
 weight 0.000000
 verts 74 75
 polys 85 101
 slots 2 0
 uveds 242
0
edge 202 2 2
 weight 0.000000
 verts 75 86
 polys 85 88
 slots 3 1
 uveds 243 247
1030058336
edge 203 1 2
 weight 0.000000
 verts 83 73
 polys 86 87
 slots 1 3
 uveds 244
1030060856
edge 204 2 2
 weight 0.000000
 verts 87 72
 polys 87 88
 slots 1 3
 uveds 245 248
1030052472
edge 205 1 2
 weight 0.000000
 verts 72 73
 polys 87 114
 slots 2 1
 uveds 246
0
edge 206 1 1
 weight 0.000000
 verts 117 116
 polys 89
 slots 0
 uveds 249
1030066104
edge 207 1 2
 weight 0.000000
 verts 116 109
 polys 89 90
 slots 1 3
 uveds 250
1030061736
edge 208 1 2
 weight 0.000000
 verts 108 117
 polys 89 92
 slots 3 1
 uveds 251
1030061912
edge 209 1 1
 weight 0.000000
 verts 116 118
 polys 90
 slots 0
 uveds 252
1030066896
edge 210 2 2
 weight 0.000000
 verts 118 113
 polys 90 91
 slots 1 3
 uveds 253 256
1030059920
edge 211 1 1
 weight 0.000000
 verts 118 119
 polys 91
 slots 0
 uveds 254
1030065048
edge 212 2 2
 weight 0.000000
 verts 119 112
 polys 91 92
 slots 1 3
 uveds 255 258
1030054232
edge 213 1 1
 weight 0.000000
 verts 119 117
 polys 92
 slots 0
 uveds 257
1030065224
edge 214 1 2
 weight 0.000000
 verts 110 101
 polys 93 94
 slots 1 3
 uveds 259
1030062000
edge 215 1 2
 weight 0.000000
 verts 100 111
 polys 93 96
 slots 3 1
 uveds 260
1030060240
edge 216 2 2
 weight 0.000000
 verts 114 105
 polys 94 95
 slots 1 3
 uveds 261 263
1030059744
edge 217 2 2
 weight 0.000000
 verts 115 104
 polys 95 96
 slots 1 3
 uveds 262 264
1030052032
edge 218 1 2
 weight 0.000000
 verts 103 77
 polys 97 98
 slots 1 3
 uveds 265
1030062792
edge 219 1 2
 weight 0.000000
 verts 77 76
 polys 97 118
 slots 2 1
 uveds 266
0
edge 220 2 2
 weight 0.000000
 verts 76 107
 polys 97 100
 slots 3 1
 uveds 267 271
1030054496
edge 221 1 2
 weight 0.000000
 verts 102 78
 polys 98 99
 slots 1 3
 uveds 268
1030060416
edge 222 2 2
 weight 0.000000
 verts 106 79
 polys 99 100
 slots 1 3
 uveds 269 272
1030057016
edge 223 1 2
 weight 0.000000
 verts 79 78
 polys 99 103
 slots 2 0
 uveds 270
0
edge 224 1 2
 weight 0.000000
 verts 74 65
 polys 101 102
 slots 1 3
 uveds 273
1030063848
edge 225 2 2
 weight 0.000000
 verts 64 75
 polys 101 104
 slots 3 1
 uveds 274 277
1030058160
edge 226 1 2
 weight 0.000000
 verts 78 69
 polys 102 103
 slots 1 3
 uveds 275
1030061296
edge 227 2 2
 weight 0.000000
 verts 79 68
 polys 103 104
 slots 1 3
 uveds 276 278
1030056752
edge 228 1 2
 weight 0.000000
 verts 66 57
 polys 105 106
 slots 1 3
 uveds 279
1030063056
edge 229 2 2
 weight 0.000000
 verts 56 67
 polys 105 108
 slots 3 1
 uveds 280 283
1030057192
edge 230 1 2
 weight 0.000000
 verts 70 61
 polys 106 107
 slots 1 3
 uveds 281
1030062704
edge 231 2 2
 weight 0.000000
 verts 71 60
 polys 107 108
 slots 1 3
 uveds 282 284
1030056488
edge 232 2 2
 weight 0.000000
 verts 59 7
 polys 109 110
 slots 1 3
 uveds 285 288
1030056840
edge 233 2 2
 weight 0.000000
 verts 4 63
 polys 109 112
 slots 3 1
 uveds 286 290
1030056576
edge 234 1 2
 weight 0.000000
 verts 58 3
 polys 110 111
 slots 1 3
 uveds 287
1030063232
edge 235 1 2
 weight 0.000000
 verts 62 0
 polys 111 112
 slots 1 3
 uveds 289
1030061032
edge 236 1 2
 weight 0.000000
 verts 120 124
 polys 113 115
 slots 0 2
 uveds 291
0
edge 237 1 2
 weight 0.000000
 verts 124 125
 polys 113 114
 slots 1 3
 uveds 292
0
edge 238 2 2
 weight 0.000000
 verts 125 121
 polys 113 119
 slots 2 0
 uveds 293 305
1030053792
edge 239 1 1
 weight 0.000000
 verts 121 120
 polys 113
 slots 3
 uveds 294
0
edge 240 1 2
 weight 0.000000
 verts 124 73
 polys 114 116
 slots 0 2
 uveds 295
0
edge 241 2 2
 weight 0.000000
 verts 72 125
 polys 114 120
 slots 2 0
 uveds 296 309
1030053616
edge 242 1 2
 weight 0.000000
 verts 122 126
 polys 115 117
 slots 0 2
 uveds 297
0
edge 243 1 2
 weight 0.000000
 verts 126 124
 polys 115 116
 slots 1 3
 uveds 298
0
edge 244 1 1
 weight 0.000000
 verts 120 122
 polys 115
 slots 3
 uveds 299
0
edge 245 1 2
 weight 0.000000
 verts 126 77
 polys 116 118
 slots 0 2
 uveds 300
0
edge 246 2 2
 weight 0.000000
 verts 123 127
 polys 117 119
 slots 0 2
 uveds 301 307
1030057984
edge 247 1 2
 weight 0.000000
 verts 127 126
 polys 117 118
 slots 1 3
 uveds 302
0
edge 248 1 1
 weight 0.000000
 verts 122 123
 polys 117
 slots 3
 uveds 303
0
edge 249 2 2
 weight 0.000000
 verts 127 76
 polys 118 120
 slots 0 2
 uveds 304 310
1030057720
edge 250 1 2
 weight 0.000000
 verts 125 127
 polys 119 120
 slots 1 3
 uveds 306
0
edge 251 1 1
 weight 0.000000
 verts 123 121
 polys 119
 slots 3
 uveds 308
0
uved 0 2 0 0
 uvvrs 0 1
 uveds 0 1
 polys 0 73
 slots 0 2
uved 1 2 0 1
 uvvrs 1 2
 uveds 2 3
 polys 0 2
 slots 1 3
uved 2 2 0 2
 uvvrs 2 3
 uveds 4 5
 polys 0 63
 slots 2 2
uved 3 2 0 3
 uvvrs 3 0
 uveds 6 7
 polys 0 111
 slots 3 2
uved 4 2 0 4
 uvvrs 4 5
 uveds 8 9
 polys 1 61
 slots 0 2
uved 5 1 1 5
 uvvrs 5 6
 uveds 10 11
 polys 1
 slots 1
uved 6 2 0 6
 uvvrs 6 7
 uveds 12 13
 polys 1 75
 slots 2 2
uved 7 2 0 7
 uvvrs 7 4
 uveds 14 15
 polys 1 109
 slots 3 2
uved 8 2 0 8
 uvvrs 1 8
 uveds 16 17
 polys 2 74
 slots 0 2
uved 9 1 1 5
 uvvrs 8 9
 uveds 18 19
 polys 2
 slots 1
uved 10 2 0 9
 uvvrs 9 2
 uveds 20 21
 polys 2 62
 slots 2 2
uved 11 2 0 10
 uvvrs 10 11
 uveds 22 23
 polys 3 5
 slots 0 3
uved 12 2 0 11
 uvvrs 11 12
 uveds 24 25
 polys 3 63
 slots 1 0
uved 13 2 0 12
 uvvrs 12 13
 uveds 26 27
 polys 3 6
 slots 2 0
uved 14 2 0 13
 uvvrs 13 10
 uveds 28 29
 polys 3 59
 slots 3 2
uved 15 1 1 14
 uvvrs 14 15
 uveds 30 31
 polys 4
 slots 0
uved 16 2 0 15
 uvvrs 15 16
 uveds 32 33
 polys 4 57
 slots 1 2
uved 17 1 1 16
 uvvrs 16 17
 uveds 34 35
 polys 4
 slots 2
uved 18 2 0 17
 uvvrs 17 14
 uveds 36 37
 polys 4 61
 slots 3 0
uved 19 2 0 18
 uvvrs 10 18
 uveds 38 39
 polys 5 60
 slots 0 2
uved 20 1 1 14
 uvvrs 18 19
 uveds 40 41
 polys 5
 slots 1
uved 21 2 0 19
 uvvrs 19 11
 uveds 42 43
 polys 5 64
 slots 2 0
uved 22 2 0 20
 uvvrs 12 20
 uveds 44 45
 polys 6 62
 slots 1 0
uved 23 1 1 16
 uvvrs 20 21
 uveds 46 47
 polys 6
 slots 2
uved 24 2 0 21
 uvvrs 21 13
 uveds 48 49
 polys 6 58
 slots 3 2
uved 25 2 0 22
 uvvrs 22 23
 uveds 50 51
 polys 7 9
 slots 0 3
uved 26 2 0 23
 uvvrs 23 24
 uveds 52 53
 polys 7 59
 slots 1 0
uved 27 2 0 24
 uvvrs 24 25
 uveds 54 55
 polys 7 10
 slots 2 0
uved 28 2 0 25
 uvvrs 25 22
 uveds 56 57
 polys 7 55
 slots 3 2
uved 29 1 1 26
 uvvrs 26 27
 uveds 58 59
 polys 8
 slots 0
uved 30 2 0 27
 uvvrs 27 28
 uveds 60 61
 polys 8 53
 slots 1 2
uved 31 1 1 28
 uvvrs 28 29
 uveds 62 63
 polys 8
 slots 2
uved 32 2 0 29
 uvvrs 29 26
 uveds 64 65
 polys 8 57
 slots 3 0
uved 33 2 0 30
 uvvrs 22 30
 uveds 66 67
 polys 9 56
 slots 0 2
uved 34 1 1 26
 uvvrs 30 31
 uveds 68 69
 polys 9
 slots 1
uved 35 2 0 31
 uvvrs 31 23
 uveds 70 71
 polys 9 60
 slots 2 0
uved 36 2 0 32
 uvvrs 24 32
 uveds 72 73
 polys 10 58
 slots 1 0
uved 37 1 1 28
 uvvrs 32 33
 uveds 74 75
 polys 10
 slots 2
uved 38 2 0 33
 uvvrs 33 25
 uveds 76 77
 polys 10 54
 slots 3 2
uved 39 2 0 34
 uvvrs 34 35
 uveds 78 79
 polys 11 13
 slots 0 3
uved 40 2 0 35
 uvvrs 35 36
 uveds 80 81
 polys 11 54
 slots 1 0
uved 41 1 1 36
 uvvrs 36 37
 uveds 82 83
 polys 11
 slots 2
uved 42 1 0 37
 uvvrs 37 34
 uveds 84 85
 polys 11
 slots 3
uved 43 2 0 38
 uvvrs 38 39
 uveds 86 87
 polys 12 13
 slots 0 1
uved 44 1 0 39
 uvvrs 39 40
 uveds 88 89
 polys 12
 slots 1
uved 45 1 1 40
 uvvrs 40 41
 uveds 90 91
 polys 12
 slots 2
uved 46 2 0 41
 uvvrs 41 38
 uveds 92 93
 polys 12 56
 slots 3 0
uved 47 1 0 42
 uvvrs 34 39
 uveds 94 95
 polys 13
 slots 0
uved 48 2 0 43
 uvvrs 38 35
 uveds 96 97
 polys 13 55
 slots 2 0
uved 49 1 1 36
 uvvrs 42 43
 uveds 98 99
 polys 14
 slots 0
uved 50 2 0 44
 uvvrs 43 44
 uveds 100 101
 polys 14 53
 slots 1 0
uved 51 1 1 40
 uvvrs 44 45
 uveds 102 103
 polys 14
 slots 2
uved 52 1 0 45
 uvvrs 45 42
 uveds 104 105
 polys 14
 slots 3
uved 53 2 0 46
 uvvrs 46 47
 uveds 106 107
 polys 15 69
 slots 0 2
uved 54 2 0 47
 uvvrs 47 48
 uveds 108 109
 polys 15 18
 slots 1 3
uved 55 2 0 48
 uvvrs 48 49
 uveds 110 111
 polys 15 73
 slots 2 0
uved 56 2 0 49
 uvvrs 49 46
 uveds 112 113
 polys 15 17
 slots 3 0
uved 57 2 0 50
 uvvrs 50 51
 uveds 114 115
 polys 16 75
 slots 0 0
uved 58 1 1 51
 uvvrs 51 52
 uveds 116 117
 polys 16
 slots 1
uved 59 2 0 52
 uvvrs 52 53
 uveds 118 119
 polys 16 71
 slots 2 2
uved 60 1 1 53
 uvvrs 53 50
 uveds 120 121
 polys 16
 slots 3
uved 61 2 0 54
 uvvrs 49 54
 uveds 122 123
 polys 17 76
 slots 1 0
uved 62 1 1 53
 uvvrs 54 55
 uveds 124 125
 polys 17
 slots 2
uved 63 2 0 55
 uvvrs 55 46
 uveds 126 127
 polys 17 72
 slots 3 2
uved 64 2 0 56
 uvvrs 47 56
 uveds 128 129
 polys 18 70
 slots 0 2
uved 65 1 1 51
 uvvrs 56 57
 uveds 130 131
 polys 18
 slots 1
uved 66 2 0 57
 uvvrs 57 48
 uveds 132 133
 polys 18 74
 slots 2 0
uved 67 2 0 58
 uvvrs 58 59
 uveds 134 135
 polys 19 65
 slots 0 2
uved 68 2 0 59
 uvvrs 59 60
 uveds 136 137
 polys 19 22
 slots 1 3
uved 69 2 0 60
 uvvrs 60 61
 uveds 138 139
 polys 19 69
 slots 2 0
uved 70 2 0 61
 uvvrs 61 58
 uveds 140 141
 polys 19 21
 slots 3 0
uved 71 2 0 62
 uvvrs 62 63
 uveds 142 143
 polys 20 71
 slots 0 0
uved 72 1 1 63
 uvvrs 63 64
 uveds 144 145
 polys 20
 slots 1
uved 73 2 0 64
 uvvrs 64 65
 uveds 146 147
 polys 20 67
 slots 2 2
uved 74 1 1 65
 uvvrs 65 62
 uveds 148 149
 polys 20
 slots 3
uved 75 2 0 66
 uvvrs 61 66
 uveds 150 151
 polys 21 72
 slots 1 0
uved 76 1 1 65
 uvvrs 66 67
 uveds 152 153
 polys 21
 slots 2
uved 77 2 0 67
 uvvrs 67 58
 uveds 154 155
 polys 21 68
 slots 3 2
uved 78 2 0 68
 uvvrs 59 68
 uveds 156 157
 polys 22 66
 slots 0 2
uved 79 1 1 63
 uvvrs 68 69
 uveds 158 159
 polys 22
 slots 1
uved 80 2 0 69
 uvvrs 69 60
 uveds 160 161
 polys 22 70
 slots 2 0
uved 81 1 0 70
 uvvrs 70 71
 uveds 162 163
 polys 23
 slots 0
uved 82 1 1 71
 uvvrs 71 72
 uveds 164 165
 polys 23
 slots 1
uved 83 2 0 72
 uvvrs 72 73
 uveds 166 167
 polys 23 66
 slots 2 0
uved 84 2 0 73
 uvvrs 73 70
 uveds 168 169
 polys 23 25
 slots 3 0
uved 85 2 0 74
 uvvrs 74 75
 uveds 170 171
 polys 24 68
 slots 0 0
uved 86 1 1 75
 uvvrs 75 76
 uveds 172 173
 polys 24
 slots 1
uved 87 1 0 76
 uvvrs 76 77
 uveds 174 175
 polys 24
 slots 2
uved 88 2 0 77
 uvvrs 77 74
 uveds 176 177
 polys 24 25
 slots 3 2
uved 89 2 0 78
 uvvrs 73 74
 uveds 178 179
 polys 25 65
 slots 1 0
uved 90 1 0 79
 uvvrs 77 70
 uveds 180 181
 polys 25
 slots 3
uved 91 1 0 80
 uvvrs 78 79
 uveds 182 183
 polys 26
 slots 0
uved 92 1 1 75
 uvvrs 79 80
 uveds 184 185
 polys 26
 slots 1
uved 93 2 0 81
 uvvrs 80 81
 uveds 186 187
 polys 26 67
 slots 2 0
uved 94 1 1 71
 uvvrs 81 78
 uveds 188 189
 polys 26
 slots 3
uved 95 2 0 82
 uvvrs 82 83
 uveds 190 191
 polys 27 105
 slots 0 2
uved 96 2 0 83
 uvvrs 83 84
 uveds 192 193
 polys 27 30
 slots 1 3
uved 97 2 0 84
 uvvrs 84 85
 uveds 194 195
 polys 27 110
 slots 2 0
uved 98 1 1 85
 uvvrs 85 82
 uveds 196 197
 polys 27
 slots 3
uved 99 2 0 86
 uvvrs 86 87
 uveds 198 199
 polys 28 112
 slots 0 0
uved 100 2 0 87
 uvvrs 87 88
 uveds 200 201
 polys 28 30
 slots 1 1
uved 101 2 0 88
 uvvrs 88 89
 uveds 202 203
 polys 28 107
 slots 2 2
uved 102 1 1 89
 uvvrs 89 86
 uveds 204 205
 polys 28
 slots 3
uved 103 1 1 85
 uvvrs 90 91
 uveds 206 207
 polys 29
 slots 0
uved 104 2 0 90
 uvvrs 91 92
 uveds 208 209
 polys 29 109
 slots 1 0
uved 105 1 1 89
 uvvrs 92 93
 uveds 210 211
 polys 29
 slots 2
uved 106 2 0 91
 uvvrs 93 90
 uveds 212 213
 polys 29 108
 slots 3 2
uved 107 2 0 92
 uvvrs 83 88
 uveds 214 215
 polys 30 106
 slots 0 2
uved 108 2 0 93
 uvvrs 87 84
 uveds 216 217
 polys 30 111
 slots 2 0
uved 109 2 0 94
 uvvrs 94 95
 uveds 218 219
 polys 31 101
 slots 0 2
uved 110 2 0 95
 uvvrs 95 96
 uveds 220 221
 polys 31 34
 slots 1 3
uved 111 2 0 96
 uvvrs 96 97
 uveds 222 223
 polys 31 105
 slots 2 0
uved 112 1 1 97
 uvvrs 97 94
 uveds 224 225
 polys 31
 slots 3
uved 113 2 0 98
 uvvrs 98 99
 uveds 226 227
 polys 32 107
 slots 0 0
uved 114 2 0 99
 uvvrs 99 100
 uveds 228 229
 polys 32 34
 slots 1 1
uved 115 2 0 100
 uvvrs 100 101
 uveds 230 231
 polys 32 103
 slots 2 2
uved 116 1 1 101
 uvvrs 101 98
 uveds 232 233
 polys 32
 slots 3
uved 117 1 1 97
 uvvrs 102 103
 uveds 234 235
 polys 33
 slots 0
uved 118 2 0 102
 uvvrs 103 104
 uveds 236 237
 polys 33 108
 slots 1 0
uved 119 1 1 101
 uvvrs 104 105
 uveds 238 239
 polys 33
 slots 2
uved 120 2 0 103
 uvvrs 105 102
 uveds 240 241
 polys 33 104
 slots 3 2
uved 121 2 0 104
 uvvrs 95 100
 uveds 242 243
 polys 34 102
 slots 0 2
uved 122 2 0 105
 uvvrs 99 96
 uveds 244 245
 polys 34 106
 slots 2 0
uved 123 2 0 106
 uvvrs 106 107
 uveds 246 247
 polys 35 88
 slots 0 2
uved 124 2 0 107
 uvvrs 107 108
 uveds 248 249
 polys 35 104
 slots 1 0
uved 125 2 0 108
 uvvrs 108 109
 uveds 250 251
 polys 35 100
 slots 2 2
uved 126 2 0 109
 uvvrs 109 106
 uveds 252 253
 polys 35 120
 slots 3 1
uved 127 2 0 110
 uvvrs 110 111
 uveds 254 255
 polys 36 116
 slots 0 1
uved 128 2 0 111
 uvvrs 111 112
 uveds 256 257
 polys 36 98
 slots 1 2
uved 129 2 0 112
 uvvrs 112 113
 uveds 258 259
 polys 36 102
 slots 2 0
uved 130 2 0 113
 uvvrs 113 110
 uveds 260 261
 polys 36 86
 slots 3 2
uved 131 2 0 114
 uvvrs 114 115
 uveds 262 263
 polys 37 39
 slots 0 3
uved 132 2 0 115
 uvvrs 115 116
 uveds 264 265
 polys 37 86
 slots 1 0
uved 133 2 0 116
 uvvrs 116 117
 uveds 266 267
 polys 37 40
 slots 2 0
uved 134 2 0 117
 uvvrs 117 114
 uveds 268 269
 polys 37 83
 slots 3 2
uved 135 1 1 118
 uvvrs 118 119
 uveds 270 271
 polys 38
 slots 0
uved 136 2 0 119
 uvvrs 119 120
 uveds 272 273
 polys 38 81
 slots 1 2
uved 137 1 1 120
 uvvrs 120 121
 uveds 274 275
 polys 38
 slots 2
uved 138 2 0 121
 uvvrs 121 118
 uveds 276 277
 polys 38 88
 slots 3 0
uved 139 2 0 122
 uvvrs 114 122
 uveds 278 279
 polys 39 84
 slots 0 2
uved 140 1 1 118
 uvvrs 122 123
 uveds 280 281
 polys 39
 slots 1
uved 141 2 0 123
 uvvrs 123 115
 uveds 282 283
 polys 39 87
 slots 2 0
uved 142 2 0 124
 uvvrs 116 124
 uveds 284 285
 polys 40 85
 slots 1 0
uved 143 1 1 120
 uvvrs 124 125
 uveds 286 287
 polys 40
 slots 2
uved 144 2 0 125
 uvvrs 125 117
 uveds 288 289
 polys 40 82
 slots 3 2
uved 145 2 0 126
 uvvrs 126 127
 uveds 290 291
 polys 41 43
 slots 0 3
uved 146 2 0 127
 uvvrs 127 128
 uveds 292 293
 polys 41 83
 slots 1 0
uved 147 2 0 128
 uvvrs 128 129
 uveds 294 295
 polys 41 44
 slots 2 0
uved 148 2 0 129
 uvvrs 129 126
 uveds 296 297
 polys 41 79
 slots 3 2
uved 149 1 1 130
 uvvrs 130 131
 uveds 298 299
 polys 42
 slots 0
uved 150 2 0 131
 uvvrs 131 132
 uveds 300 301
 polys 42 77
 slots 1 2
uved 151 1 1 132
 uvvrs 132 133
 uveds 302 303
 polys 42
 slots 2
uved 152 2 0 133
 uvvrs 133 130
 uveds 304 305
 polys 42 81
 slots 3 0
uved 153 2 0 134
 uvvrs 126 134
 uveds 306 307
 polys 43 80
 slots 0 2
uved 154 1 1 130
 uvvrs 134 135
 uveds 308 309
 polys 43
 slots 1
uved 155 2 0 135
 uvvrs 135 127
 uveds 310 311
 polys 43 84
 slots 2 0
uved 156 2 0 136
 uvvrs 128 136
 uveds 312 313
 polys 44 82
 slots 1 0
uved 157 1 1 132
 uvvrs 136 137
 uveds 314 315
 polys 44
 slots 2
uved 158 2 0 137
 uvvrs 137 129
 uveds 316 317
 polys 44 78
 slots 3 2
uved 159 2 0 138
 uvvrs 138 139
 uveds 318 319
 polys 45 93
 slots 0 2
uved 160 2 0 139
 uvvrs 139 140
 uveds 320 321
 polys 45 48
 slots 1 3
uved 161 2 0 140
 uvvrs 140 141
 uveds 322 323
 polys 45 98
 slots 2 0
uved 162 2 0 141
 uvvrs 141 138
 uveds 324 325
 polys 45 47
 slots 3 0
uved 163 2 0 142
 uvvrs 142 143
 uveds 326 327
 polys 46 100
 slots 0 0
uved 164 1 1 143
 uvvrs 143 144
 uveds 328 329
 polys 46
 slots 1
uved 165 2 0 144
 uvvrs 144 145
 uveds 330 331
 polys 46 95
 slots 2 2
uved 166 1 1 145
 uvvrs 145 142
 uveds 332 333
 polys 46
 slots 3
uved 167 2 0 146
 uvvrs 141 146
 uveds 334 335
 polys 47 97
 slots 1 0
uved 168 1 1 145
 uvvrs 146 147
 uveds 336 337
 polys 47
 slots 2
uved 169 2 0 147
 uvvrs 147 138
 uveds 338 339
 polys 47 96
 slots 3 2
uved 170 2 0 148
 uvvrs 139 148
 uveds 340 341
 polys 48 94
 slots 0 2
uved 171 1 1 143
 uvvrs 148 149
 uveds 342 343
 polys 48
 slots 1
uved 172 2 0 149
 uvvrs 149 140
 uveds 344 345
 polys 48 99
 slots 2 0
uved 173 2 0 150
 uvvrs 150 151
 uveds 346 347
 polys 49 89
 slots 0 2
uved 174 2 0 151
 uvvrs 151 152
 uveds 348 349
 polys 49 52
 slots 1 3
uved 175 2 0 152
 uvvrs 152 153
 uveds 350 351
 polys 49 93
 slots 2 0
uved 176 2 0 153
 uvvrs 153 150
 uveds 352 353
 polys 49 51
 slots 3 0
uved 177 2 0 154
 uvvrs 154 155
 uveds 354 355
 polys 50 95
 slots 0 0
uved 178 1 1 155
 uvvrs 155 156
 uveds 356 357
 polys 50
 slots 1
uved 179 2 0 156
 uvvrs 156 157
 uveds 358 359
 polys 50 91
 slots 2 2
uved 180 1 1 157
 uvvrs 157 154
 uveds 360 361
 polys 50
 slots 3
uved 181 2 0 158
 uvvrs 153 158
 uveds 362 363
 polys 51 96
 slots 1 0
uved 182 1 1 157
 uvvrs 158 159
 uveds 364 365
 polys 51
 slots 2
uved 183 2 0 159
 uvvrs 159 150
 uveds 366 367
 polys 51 92
 slots 3 2
uved 184 2 0 160
 uvvrs 151 160
 uveds 368 369
 polys 52 90
 slots 0 2
uved 185 1 1 155
 uvvrs 160 161
 uveds 370 371
 polys 52
 slots 1
uved 186 2 0 161
 uvvrs 161 152
 uveds 372 373
 polys 52 94
 slots 2 0
uved 187 1 1 162
 uvvrs 43 28
 uveds 374 375
 polys 53
 slots 1
uved 188 1 1 163
 uvvrs 27 44
 uveds 376 377
 polys 53
 slots 3
uved 189 2 0 164
 uvvrs 35 25
 uveds 378 379
 polys 54 55
 slots 1 3
uved 190 1 1 162
 uvvrs 33 36
 uveds 380 381
 polys 54
 slots 3
uved 191 2 0 165
 uvvrs 38 22
 uveds 382 383
 polys 55 56
 slots 1 3
uved 192 1 1 163
 uvvrs 41 30
 uveds 384 385
 polys 56
 slots 1
uved 193 1 1 166
 uvvrs 29 16
 uveds 386 387
 polys 57
 slots 1
uved 194 1 1 167
 uvvrs 15 26
 uveds 388 389
 polys 57
 slots 3
uved 195 2 0 168
 uvvrs 24 13
 uveds 390 391
 polys 58 59
 slots 1 3
uved 196 1 1 166
 uvvrs 21 32
 uveds 392 393
 polys 58
 slots 3
uved 197 2 0 169
 uvvrs 23 10
 uveds 394 395
 polys 59 60
 slots 1 3
uved 198 1 1 167
 uvvrs 31 18
 uveds 396 397
 polys 60
 slots 1
uved 199 1 1 170
 uvvrs 17 5
 uveds 398 399
 polys 61
 slots 1
uved 200 1 1 171
 uvvrs 4 14
 uveds 400 401
 polys 61
 slots 3
uved 201 2 0 172
 uvvrs 12 2
 uveds 402 403
 polys 62 63
 slots 1 3
uved 202 1 1 170
 uvvrs 9 20
 uveds 404 405
 polys 62
 slots 3
uved 203 2 0 173
 uvvrs 11 3
 uveds 406 407
 polys 63 64
 slots 1 3
uved 204 1 1 171
 uvvrs 19 162
 uveds 408 409
 polys 64
 slots 1
uved 205 2 0 174
 uvvrs 162 3
 uveds 410 411
 polys 64 110
 slots 2 2
uved 206 2 0 175
 uvvrs 73 59
 uveds 412 413
 polys 65 66
 slots 1 3
uved 207 2 0 176
 uvvrs 58 74
 uveds 414 415
 polys 65 68
 slots 3 1
uved 208 1 1 177
 uvvrs 72 68
 uveds 416 417
 polys 66
 slots 1
uved 209 1 1 178
 uvvrs 80 65
 uveds 418 419
 polys 67
 slots 1
uved 210 1 1 177
 uvvrs 64 81
 uveds 420 421
 polys 67
 slots 3
uved 211 1 1 178
 uvvrs 67 75
 uveds 422 423
 polys 68
 slots 3
uved 212 2 0 179
 uvvrs 60 47
 uveds 424 425
 polys 69 70
 slots 1 3
uved 213 2 0 180
 uvvrs 46 61
 uveds 426 427
 polys 69 72
 slots 3 1
uved 214 1 1 181
 uvvrs 69 56
 uveds 428 429
 polys 70
 slots 1
uved 215 1 1 182
 uvvrs 62 53
 uveds 430 431
 polys 71
 slots 1
uved 216 1 1 181
 uvvrs 52 63
 uveds 432 433
 polys 71
 slots 3
uved 217 1 1 182
 uvvrs 55 66
 uveds 434 435
 polys 72
 slots 3
uved 218 2 0 183
 uvvrs 48 1
 uveds 436 437
 polys 73 74
 slots 1 3
uved 219 2 0 184
 uvvrs 0 49
 uveds 438 439
 polys 73 76
 slots 3 1
uved 220 1 1 185
 uvvrs 57 8
 uveds 440 441
 polys 74
 slots 1
uved 221 1 1 186
 uvvrs 50 7
 uveds 442 443
 polys 75
 slots 1
uved 222 1 1 185
 uvvrs 6 51
 uveds 444 445
 polys 75
 slots 3
uved 223 2 0 187
 uvvrs 0 163
 uveds 446 447
 polys 76 112
 slots 2 2
uved 224 1 1 186
 uvvrs 163 54
 uveds 448 449
 polys 76
 slots 3
uved 225 1 0 188
 uvvrs 164 165
 uveds 450 451
 polys 77
 slots 0
uved 226 1 1 189
 uvvrs 165 132
 uveds 452 453
 polys 77
 slots 1
uved 227 1 1 190
 uvvrs 131 164
 uveds 454 455
 polys 77
 slots 3
uved 228 1 0 191
 uvvrs 166 167
 uveds 456 457
 polys 78
 slots 0
uved 229 2 0 192
 uvvrs 167 129
 uveds 458 459
 polys 78 79
 slots 1 3
uved 230 1 1 189
 uvvrs 137 166
 uveds 460 461
 polys 78
 slots 3
uved 231 1 0 193
 uvvrs 167 168
 uveds 462 463
 polys 79
 slots 0
uved 232 2 0 194
 uvvrs 168 126
 uveds 464 465
 polys 79 80
 slots 1 3
uved 233 1 0 195
 uvvrs 168 169
 uveds 466 467
 polys 80
 slots 0
uved 234 1 1 190
 uvvrs 169 134
 uveds 468 469
 polys 80
 slots 1
uved 235 1 1 196
 uvvrs 133 120
 uveds 470 471
 polys 81
 slots 1
uved 236 1 1 197
 uvvrs 119 130
 uveds 472 473
 polys 81
 slots 3
uved 237 2 0 198
 uvvrs 128 117
 uveds 474 475
 polys 82 83
 slots 1 3
uved 238 1 1 196
 uvvrs 125 136
 uveds 476 477
 polys 82
 slots 3
uved 239 2 0 199
 uvvrs 127 114
 uveds 478 479
 polys 83 84
 slots 1 3
uved 240 1 1 197
 uvvrs 135 122
 uveds 480 481
 polys 84
 slots 1
uved 241 2 0 200
 uvvrs 116 113
 uveds 482 483
 polys 85 86
 slots 1 3
uved 242 2 0 201
 uvvrs 113 170
 uveds 484 485
 polys 85 101
 slots 2 0
uved 243 1 1 202
 uvvrs 170 124
 uveds 486 487
 polys 85
 slots 3
uved 244 2 0 203
 uvvrs 115 110
 uveds 488 489
 polys 86 87
 slots 1 3
uved 245 1 1 204
 uvvrs 123 171
 uveds 490 491
 polys 87
 slots 1
uved 246 2 0 205
 uvvrs 171 110
 uveds 492 493
 polys 87 114
 slots 2 1
uved 247 1 1 202
 uvvrs 121 107
 uveds 494 495
 polys 88
 slots 1
uved 248 1 1 204
 uvvrs 106 118
 uveds 496 497
 polys 88
 slots 3
uved 249 1 0 206
 uvvrs 172 173
 uveds 498 499
 polys 89
 slots 0
uved 250 2 0 207
 uvvrs 173 151
 uveds 500 501
 polys 89 90
 slots 1 3
uved 251 2 0 208
 uvvrs 150 172
 uveds 502 503
 polys 89 92
 slots 3 1
uved 252 1 0 209
 uvvrs 173 174
 uveds 504 505
 polys 90
 slots 0
uved 253 1 1 210
 uvvrs 174 160
 uveds 506 507
 polys 90
 slots 1
uved 254 1 0 211
 uvvrs 175 176
 uveds 508 509
 polys 91
 slots 0
uved 255 1 1 212
 uvvrs 176 157
 uveds 510 511
 polys 91
 slots 1
uved 256 1 1 210
 uvvrs 156 175
 uveds 512 513
 polys 91
 slots 3
uved 257 1 0 213
 uvvrs 177 172
 uveds 514 515
 polys 92
 slots 0
uved 258 1 1 212
 uvvrs 159 177
 uveds 516 517
 polys 92
 slots 3
uved 259 2 0 214
 uvvrs 152 139
 uveds 518 519
 polys 93 94
 slots 1 3
uved 260 2 0 215
 uvvrs 138 153
 uveds 520 521
 polys 93 96
 slots 3 1
uved 261 1 1 216
 uvvrs 161 148
 uveds 522 523
 polys 94
 slots 1
uved 262 1 1 217
 uvvrs 154 145
 uveds 524 525
 polys 95
 slots 1
uved 263 1 1 216
 uvvrs 144 155
 uveds 526 527
 polys 95
 slots 3
uved 264 1 1 217
 uvvrs 147 158
 uveds 528 529
 polys 96
 slots 3
uved 265 2 0 218
 uvvrs 141 111
 uveds 530 531
 polys 97 98
 slots 1 3
uved 266 2 0 219
 uvvrs 111 178
 uveds 532 533
 polys 97 118
 slots 2 1
uved 267 1 1 220
 uvvrs 178 146
 uveds 534 535
 polys 97
 slots 3
uved 268 2 0 221
 uvvrs 140 112
 uveds 536 537
 polys 98 99
 slots 1 3
uved 269 1 1 222
 uvvrs 149 179
 uveds 538 539
 polys 99
 slots 1
uved 270 2 0 223
 uvvrs 179 112
 uveds 540 541
 polys 99 103
 slots 2 0
uved 271 1 1 220
 uvvrs 142 109
 uveds 542 543
 polys 100
 slots 1
uved 272 1 1 222
 uvvrs 108 143
 uveds 544 545
 polys 100
 slots 3
uved 273 2 0 224
 uvvrs 113 95
 uveds 546 547
 polys 101 102
 slots 1 3
uved 274 1 1 225
 uvvrs 94 170
 uveds 548 549
 polys 101
 slots 3
uved 275 2 0 226
 uvvrs 112 100
 uveds 550 551
 polys 102 103
 slots 1 3
uved 276 1 1 227
 uvvrs 179 101
 uveds 552 553
 polys 103
 slots 1
uved 277 1 1 225
 uvvrs 107 102
 uveds 554 555
 polys 104
 slots 1
uved 278 1 1 227
 uvvrs 105 108
 uveds 556 557
 polys 104
 slots 3
uved 279 2 0 228
 uvvrs 96 83
 uveds 558 559
 polys 105 106
 slots 1 3
uved 280 1 1 229
 uvvrs 82 97
 uveds 560 561
 polys 105
 slots 3
uved 281 2 0 230
 uvvrs 99 88
 uveds 562 563
 polys 106 107
 slots 1 3
uved 282 1 1 231
 uvvrs 98 89
 uveds 564 565
 polys 107
 slots 1
uved 283 1 1 229
 uvvrs 103 90
 uveds 566 567
 polys 108
 slots 1
uved 284 1 1 231
 uvvrs 93 104
 uveds 568 569
 polys 108
 slots 3
uved 285 1 1 232
 uvvrs 91 4
 uveds 570 571
 polys 109
 slots 1
uved 286 1 1 233
 uvvrs 7 92
 uveds 572 573
 polys 109
 slots 3
uved 287 2 0 234
 uvvrs 84 3
 uveds 574 575
 polys 110 111
 slots 1 3
uved 288 1 1 232
 uvvrs 162 85
 uveds 576 577
 polys 110
 slots 3
uved 289 2 0 235
 uvvrs 87 0
 uveds 578 579
 polys 111 112
 slots 1 3
uved 290 1 1 233
 uvvrs 86 163
 uveds 580 581
 polys 112
 slots 1
uved 291 2 0 236
 uvvrs 180 181
 uveds 582 583
 polys 113 115
 slots 0 2
uved 292 2 0 237
 uvvrs 181 182
 uveds 584 585
 polys 113 114
 slots 1 3
uved 293 1 1 238
 uvvrs 182 183
 uveds 586 587
 polys 113
 slots 2
uved 294 1 0 239
 uvvrs 183 180
 uveds 588 589
 polys 113
 slots 3
uved 295 2 0 240
 uvvrs 181 110
 uveds 590 591
 polys 114 116
 slots 0 2
uved 296 1 1 241
 uvvrs 171 182
 uveds 592 593
 polys 114
 slots 2
uved 297 2 0 242
 uvvrs 184 185
 uveds 594 595
 polys 115 117
 slots 0 2
uved 298 2 0 243
 uvvrs 185 181
 uveds 596 597
 polys 115 116
 slots 1 3
uved 299 1 0 244
 uvvrs 180 184
 uveds 598 599
 polys 115
 slots 3
uved 300 2 0 245
 uvvrs 185 111
 uveds 600 601
 polys 116 118
 slots 0 2
uved 301 1 1 246
 uvvrs 186 187
 uveds 602 603
 polys 117
 slots 0
uved 302 2 0 247
 uvvrs 187 185
 uveds 604 605
 polys 117 118
 slots 1 3
uved 303 1 0 248
 uvvrs 184 186
 uveds 606 607
 polys 117
 slots 3
uved 304 1 1 249
 uvvrs 187 178
 uveds 608 609
 polys 118
 slots 0
uved 305 1 1 238
 uvvrs 188 189
 uveds 610 611
 polys 119
 slots 0
uved 306 2 0 250
 uvvrs 189 190
 uveds 612 613
 polys 119 120
 slots 1 3
uved 307 1 1 246
 uvvrs 190 191
 uveds 614 615
 polys 119
 slots 2
uved 308 1 0 251
 uvvrs 191 188
 uveds 616 617
 polys 119
 slots 3
uved 309 1 1 241
 uvvrs 189 106
 uveds 618 619
 polys 120
 slots 0
uved 310 1 1 249
 uvvrs 109 190
 uveds 620 621
 polys 120
 slots 2
poly 0 0 5 2 4
 trips 0 1
 quads 0 1 2 3
 edges 0 1 2 3
 verts 0 1 2 3
 texts 0 1 2 3
 uveds 0 1 2 3
poly 1 1 5 2 4
 trips 2 3
 quads 4 5 6 7
 edges 4 5 6 7
 verts 7 6 5 4
 texts 4 5 6 7
 uveds 4 5 6 7
poly 2 2 5 2 4
 trips 4 5
 quads 8 9 10 11
 edges 8 5 9 1
 verts 1 5 6 2
 texts 1 8 9 2
 uveds 8 9 10 1
poly 3 3 5 2 4
 trips 6 7
 quads 12 13 14 15
 edges 10 11 12 13
 verts 8 11 10 9
 texts 10 11 12 13
 uveds 11 12 13 14
poly 4 4 5 2 4
 trips 8 9
 quads 16 17 18 19
 edges 14 15 16 17
 verts 15 12 13 14
 texts 14 15 16 17
 uveds 15 16 17 18
poly 5 5 5 2 4
 trips 10 11
 quads 20 21 22 23
 edges 18 14 19 10
 verts 8 12 15 11
 texts 10 18 19 11
 uveds 19 20 21 11
poly 6 6 5 2 4
 trips 12 13
 quads 24 25 26 27
 edges 12 20 16 21
 verts 9 10 14 13
 texts 13 12 20 21
 uveds 13 22 23 24
poly 7 7 5 2 4
 trips 14 15
 quads 28 29 30 31
 edges 22 23 24 25
 verts 16 19 18 17
 texts 22 23 24 25
 uveds 25 26 27 28
poly 8 8 5 2 4
 trips 16 17
 quads 32 33 34 35
 edges 26 27 28 29
 verts 23 20 21 22
 texts 26 27 28 29
 uveds 29 30 31 32
poly 9 9 5 2 4
 trips 18 19
 quads 36 37 38 39
 edges 30 26 31 22
 verts 16 20 23 19
 texts 22 30 31 23
 uveds 33 34 35 25
poly 10 10 5 2 4
 trips 20 21
 quads 40 41 42 43
 edges 24 32 28 33
 verts 17 18 22 21
 texts 25 24 32 33
 uveds 27 36 37 38
poly 11 11 5 2 4
 trips 22 23
 quads 44 45 46 47
 edges 34 35 36 37
 verts 24 27 26 25
 texts 34 35 36 37
 uveds 39 40 41 42
poly 12 12 5 2 4
 trips 24 25
 quads 48 49 50 51
 edges 38 39 40 41
 verts 31 28 29 30
 texts 38 39 40 41
 uveds 43 44 45 46
poly 13 13 5 2 4
 trips 26 27
 quads 52 53 54 55
 edges 42 38 43 34
 verts 24 28 31 27
 texts 34 39 38 35
 uveds 47 43 48 39
poly 14 14 5 2 4
 trips 28 29
 quads 56 57 58 59
 edges 36 44 40 45
 verts 25 26 30 29
 texts 42 43 44 45
 uveds 49 50 51 52
poly 15 15 5 2 4
 trips 30 31
 quads 60 61 62 63
 edges 46 47 48 49
 verts 32 33 34 35
 texts 46 47 48 49
 uveds 53 54 55 56
poly 16 16 5 2 4
 trips 32 33
 quads 64 65 66 67
 edges 50 51 52 53
 verts 39 38 37 36
 texts 50 51 52 53
 uveds 57 58 59 60
poly 17 17 5 2 4
 trips 34 35
 quads 68 69 70 71
 edges 49 54 53 55
 verts 32 35 39 36
 texts 46 49 54 55
 uveds 56 61 62 63
poly 18 18 5 2 4
 trips 36 37
 quads 72 73 74 75
 edges 56 51 57 47
 verts 33 37 38 34
 texts 47 56 57 48
 uveds 64 65 66 54
poly 19 19 5 2 4
 trips 38 39
 quads 76 77 78 79
 edges 58 59 60 61
 verts 40 41 42 43
 texts 58 59 60 61
 uveds 67 68 69 70
poly 20 20 5 2 4
 trips 40 41
 quads 80 81 82 83
 edges 62 63 64 65
 verts 47 46 45 44
 texts 62 63 64 65
 uveds 71 72 73 74
poly 21 21 5 2 4
 trips 42 43
 quads 84 85 86 87
 edges 61 66 65 67
 verts 40 43 47 44
 texts 58 61 66 67
 uveds 70 75 76 77
poly 22 22 5 2 4
 trips 44 45
 quads 88 89 90 91
 edges 68 63 69 59
 verts 41 45 46 42
 texts 59 68 69 60
 uveds 78 79 80 68
poly 23 23 5 2 4
 trips 46 47
 quads 92 93 94 95
 edges 70 71 72 73
 verts 48 49 50 51
 texts 70 71 72 73
 uveds 81 82 83 84
poly 24 24 5 2 4
 trips 48 49
 quads 96 97 98 99
 edges 74 75 76 77
 verts 55 54 53 52
 texts 74 75 76 77
 uveds 85 86 87 88
poly 25 25 5 2 4
 trips 50 51
 quads 100 101 102 103
 edges 73 78 77 79
 verts 48 51 55 52
 texts 70 73 74 77
 uveds 84 89 88 90
poly 26 26 5 2 4
 trips 52 53
 quads 104 105 106 107
 edges 80 75 81 71
 verts 49 53 54 50
 texts 78 79 80 81
 uveds 91 92 93 94
poly 27 27 5 2 4
 trips 54 55
 quads 108 109 110 111
 edges 82 83 84 85
 verts 56 57 58 59
 texts 82 83 84 85
 uveds 95 96 97 98
poly 28 28 5 2 4
 trips 56 57
 quads 112 113 114 115
 edges 86 87 88 89
 verts 63 62 61 60
 texts 86 87 88 89
 uveds 99 100 101 102
poly 29 29 5 2 4
 trips 58 59
 quads 116 117 118 119
 edges 85 90 89 91
 verts 56 59 63 60
 texts 90 91 92 93
 uveds 103 104 105 106
poly 30 30 5 2 4
 trips 60 61
 quads 120 121 122 123
 edges 92 87 93 83
 verts 57 61 62 58
 texts 83 88 87 84
 uveds 107 100 108 96
poly 31 31 5 2 4
 trips 62 63
 quads 124 125 126 127
 edges 94 95 96 97
 verts 64 65 66 67
 texts 94 95 96 97
 uveds 109 110 111 112
poly 32 32 5 2 4
 trips 64 65
 quads 128 129 130 131
 edges 98 99 100 101
 verts 71 70 69 68
 texts 98 99 100 101
 uveds 113 114 115 116
poly 33 33 5 2 4
 trips 66 67
 quads 132 133 134 135
 edges 97 102 101 103
 verts 64 67 71 68
 texts 102 103 104 105
 uveds 117 118 119 120
poly 34 34 5 2 4
 trips 68 69
 quads 136 137 138 139
 edges 104 99 105 95
 verts 65 69 70 66
 texts 95 100 99 96
 uveds 121 114 122 110
poly 35 35 5 2 4
 trips 70 71
 quads 140 141 142 143
 edges 106 107 108 109
 verts 72 75 79 76
 texts 106 107 108 109
 uveds 123 124 125 126
poly 36 36 5 2 4
 trips 72 73
 quads 144 145 146 147
 edges 110 111 112 113
 verts 73 77 78 74
 texts 110 111 112 113
 uveds 127 128 129 130
poly 37 37 5 2 4
 trips 74 75
 quads 148 149 150 151
 edges 114 115 116 117
 verts 80 83 82 81
 texts 114 115 116 117
 uveds 131 132 133 134
poly 38 38 5 2 4
 trips 76 77
 quads 152 153 154 155
 edges 118 119 120 121
 verts 87 84 85 86
 texts 118 119 120 121
 uveds 135 136 137 138
poly 39 39 5 2 4
 trips 78 79
 quads 156 157 158 159
 edges 122 118 123 114
 verts 80 84 87 83
 texts 114 122 123 115
 uveds 139 140 141 131
poly 40 40 5 2 4
 trips 80 81
 quads 160 161 162 163
 edges 116 124 120 125
 verts 81 82 86 85
 texts 117 116 124 125
 uveds 133 142 143 144
poly 41 41 5 2 4
 trips 82 83
 quads 164 165 166 167
 edges 126 127 128 129
 verts 88 91 90 89
 texts 126 127 128 129
 uveds 145 146 147 148
poly 42 42 5 2 4
 trips 84 85
 quads 168 169 170 171
 edges 130 131 132 133
 verts 95 92 93 94
 texts 130 131 132 133
 uveds 149 150 151 152
poly 43 43 5 2 4
 trips 86 87
 quads 172 173 174 175
 edges 134 130 135 126
 verts 88 92 95 91
 texts 126 134 135 127
 uveds 153 154 155 145
poly 44 44 5 2 4
 trips 88 89
 quads 176 177 178 179
 edges 128 136 132 137
 verts 89 90 94 93
 texts 129 128 136 137
 uveds 147 156 157 158
poly 45 45 5 2 4
 trips 90 91
 quads 180 181 182 183
 edges 138 139 140 141
 verts 100 101 102 103
 texts 138 139 140 141
 uveds 159 160 161 162
poly 46 46 5 2 4
 trips 92 93
 quads 184 185 186 187
 edges 142 143 144 145
 verts 107 106 105 104
 texts 142 143 144 145
 uveds 163 164 165 166
poly 47 47 5 2 4
 trips 94 95
 quads 188 189 190 191
 edges 141 146 145 147
 verts 100 103 107 104
 texts 138 141 146 147
 uveds 162 167 168 169
poly 48 48 5 2 4
 trips 96 97
 quads 192 193 194 195
 edges 148 143 149 139
 verts 101 105 106 102
 texts 139 148 149 140
 uveds 170 171 172 160
poly 49 49 5 2 4
 trips 98 99
 quads 196 197 198 199
 edges 150 151 152 153
 verts 108 109 110 111
 texts 150 151 152 153
 uveds 173 174 175 176
poly 50 50 5 2 4
 trips 100 101
 quads 200 201 202 203
 edges 154 155 156 157
 verts 115 114 113 112
 texts 154 155 156 157
 uveds 177 178 179 180
poly 51 51 5 2 4
 trips 102 103
 quads 204 205 206 207
 edges 153 158 157 159
 verts 108 111 115 112
 texts 150 153 158 159
 uveds 176 181 182 183
poly 52 52 5 2 4
 trips 104 105
 quads 208 209 210 211
 edges 160 155 161 151
 verts 109 113 114 110
 texts 151 160 161 152
 uveds 184 185 186 174
poly 53 53 5 2 4
 trips 106 107
 quads 212 213 214 215
 edges 44 162 27 163
 verts 30 26 21 20
 texts 44 43 28 27
 uveds 50 187 30 188
poly 54 54 5 2 4
 trips 108 109
 quads 216 217 218 219
 edges 35 164 33 162
 verts 26 27 17 21
 texts 36 35 25 33
 uveds 40 189 38 190
poly 55 55 5 2 4
 trips 110 111
 quads 220 221 222 223
 edges 43 165 25 164
 verts 27 31 16 17
 texts 35 38 22 25
 uveds 48 191 28 189
poly 56 56 5 2 4
 trips 112 113
 quads 224 225 226 227
 edges 41 163 30 165
 verts 31 30 20 16
 texts 38 41 30 22
 uveds 46 192 33 191
poly 57 57 5 2 4
 trips 114 115
 quads 228 229 230 231
 edges 29 166 15 167
 verts 23 22 13 12
 texts 26 29 16 15
 uveds 32 193 16 194
poly 58 58 5 2 4
 trips 116 117
 quads 232 233 234 235
 edges 32 168 21 166
 verts 22 18 9 13
 texts 32 24 13 21
 uveds 36 195 24 196
poly 59 59 5 2 4
 trips 118 119
 quads 236 237 238 239
 edges 23 169 13 168
 verts 18 19 8 9
 texts 24 23 10 13
 uveds 26 197 14 195
poly 60 60 5 2 4
 trips 120 121
 quads 240 241 242 243
 edges 31 167 18 169
 verts 19 23 12 8
 texts 23 31 18 10
 uveds 35 198 19 197
poly 61 61 5 2 4
 trips 122 123
 quads 244 245 246 247
 edges 17 170 4 171
 verts 15 14 6 7
 texts 14 17 5 4
 uveds 18 199 4 200
poly 62 62 5 2 4
 trips 124 125
 quads 248 249 250 251
 edges 20 172 9 170
 verts 14 10 2 6
 texts 20 12 2 9
 uveds 22 201 10 202
poly 63 63 5 2 4
 trips 126 127
 quads 252 253 254 255
 edges 11 173 2 172
 verts 10 11 3 2
 texts 12 11 3 2
 uveds 12 203 2 201
poly 64 64 5 2 4
 trips 128 129
 quads 256 257 258 259
 edges 19 171 174 173
 verts 11 15 7 3
 texts 11 19 162 3
 uveds 21 204 205 203
poly 65 65 5 2 4
 trips 130 131
 quads 260 261 262 263
 edges 78 175 58 176
 verts 55 51 41 40
 texts 74 73 59 58
 uveds 89 206 67 207
poly 66 66 5 2 4
 trips 132 133
 quads 264 265 266 267
 edges 72 177 68 175
 verts 51 50 45 41
 texts 73 72 68 59
 uveds 83 208 78 206
poly 67 67 5 2 4
 trips 134 135
 quads 268 269 270 271
 edges 81 178 64 177
 verts 50 54 44 45
 texts 81 80 65 64
 uveds 93 209 73 210
poly 68 68 5 2 4
 trips 136 137
 quads 272 273 274 275
 edges 74 176 67 178
 verts 54 55 40 44
 texts 75 74 58 67
 uveds 85 207 77 211
poly 69 69 5 2 4
 trips 138 139
 quads 276 277 278 279
 edges 60 179 46 180
 verts 43 42 33 32
 texts 61 60 47 46
 uveds 69 212 53 213
poly 70 70 5 2 4
 trips 140 141
 quads 280 281 282 283
 edges 69 181 56 179
 verts 42 46 37 33
 texts 60 69 56 47
 uveds 80 214 64 212
poly 71 71 5 2 4
 trips 142 143
 quads 284 285 286 287
 edges 62 182 52 181
 verts 46 47 36 37
 texts 63 62 53 52
 uveds 71 215 59 216
poly 72 72 5 2 4
 trips 144 145
 quads 288 289 290 291
 edges 66 180 55 182
 verts 47 43 32 36
 texts 66 61 46 55
 uveds 75 213 63 217
poly 73 73 5 2 4
 trips 146 147
 quads 292 293 294 295
 edges 48 183 0 184
 verts 35 34 1 0
 texts 49 48 1 0
 uveds 55 218 0 219
poly 74 74 5 2 4
 trips 148 149
 quads 296 297 298 299
 edges 57 185 8 183
 verts 34 38 5 1
 texts 48 57 8 1
 uveds 66 220 8 218
poly 75 75 5 2 4
 trips 150 151
 quads 300 301 302 303
 edges 50 186 6 185
 verts 38 39 4 5
 texts 51 50 7 6
 uveds 57 221 6 222
poly 76 76 5 2 4
 trips 152 153
 quads 304 305 306 307
 edges 54 184 187 186
 verts 39 35 0 4
 texts 54 49 0 163
 uveds 61 219 223 224
poly 77 77 5 2 4
 trips 154 155
 quads 308 309 310 311
 edges 188 189 131 190
 verts 99 98 93 92
 texts 164 165 132 131
 uveds 225 226 150 227
poly 78 78 5 2 4
 trips 156 157
 quads 312 313 314 315
 edges 191 192 137 189
 verts 98 96 89 93
 texts 166 167 129 137
 uveds 228 229 158 230
poly 79 79 5 2 4
 trips 158 159
 quads 316 317 318 319
 edges 193 194 129 192
 verts 96 97 88 89
 texts 167 168 126 129
 uveds 231 232 148 229
poly 80 80 5 2 4
 trips 160 161
 quads 320 321 322 323
 edges 195 190 134 194
 verts 97 99 92 88
 texts 168 169 134 126
 uveds 233 234 153 232
poly 81 81 5 2 4
 trips 162 163
 quads 324 325 326 327
 edges 133 196 119 197
 verts 95 94 85 84
 texts 130 133 120 119
 uveds 152 235 136 236
poly 82 82 5 2 4
 trips 164 165
 quads 328 329 330 331
 edges 136 198 125 196
 verts 94 90 81 85
 texts 136 128 117 125
 uveds 156 237 144 238
poly 83 83 5 2 4
 trips 166 167
 quads 332 333 334 335
 edges 127 199 117 198
 verts 90 91 80 81
 texts 128 127 114 117
 uveds 146 239 134 237
poly 84 84 5 2 4
 trips 168 169
 quads 336 337 338 339
 edges 135 197 122 199
 verts 91 95 84 80
 texts 127 135 122 114
 uveds 155 240 139 239
poly 85 85 5 2 4
 trips 170 171
 quads 340 341 342 343
 edges 124 200 201 202
 verts 86 82 74 75
 texts 124 116 113 170
 uveds 142 241 242 243
poly 86 86 5 2 4
 trips 172 173
 quads 344 345 346 347
 edges 115 203 113 200
 verts 82 83 73 74
 texts 116 115 110 113
 uveds 132 244 130 241
poly 87 87 5 2 4
 trips 174 175
 quads 348 349 350 351
 edges 123 204 205 203
 verts 83 87 72 73
 texts 115 123 171 110
 uveds 141 245 246 244
poly 88 88 5 2 4
 trips 176 177
 quads 352 353 354 355
 edges 121 202 106 204
 verts 87 86 75 72
 texts 118 121 107 106
 uveds 138 247 123 248
poly 89 89 5 2 4
 trips 178 179
 quads 356 357 358 359
 edges 206 207 150 208
 verts 117 116 109 108
 texts 172 173 151 150
 uveds 249 250 173 251
poly 90 90 5 2 4
 trips 180 181
 quads 360 361 362 363
 edges 209 210 160 207
 verts 116 118 113 109
 texts 173 174 160 151
 uveds 252 253 184 250
poly 91 91 5 2 4
 trips 182 183
 quads 364 365 366 367
 edges 211 212 156 210
 verts 118 119 112 113
 texts 175 176 157 156
 uveds 254 255 179 256
poly 92 92 5 2 4
 trips 184 185
 quads 368 369 370 371
 edges 213 208 159 212
 verts 119 117 108 112
 texts 177 172 150 159
 uveds 257 251 183 258
poly 93 93 5 2 4
 trips 186 187
 quads 372 373 374 375
 edges 152 214 138 215
 verts 111 110 101 100
 texts 153 152 139 138
 uveds 175 259 159 260
poly 94 94 5 2 4
 trips 188 189
 quads 376 377 378 379
 edges 161 216 148 214
 verts 110 114 105 101
 texts 152 161 148 139
 uveds 186 261 170 259
poly 95 95 5 2 4
 trips 190 191
 quads 380 381 382 383
 edges 154 217 144 216
 verts 114 115 104 105
 texts 155 154 145 144
 uveds 177 262 165 263
poly 96 96 5 2 4
 trips 192 193
 quads 384 385 386 387
 edges 158 215 147 217
 verts 115 111 100 104
 texts 158 153 138 147
 uveds 181 260 169 264
poly 97 97 5 2 4
 trips 194 195
 quads 388 389 390 391
 edges 146 218 219 220
 verts 107 103 77 76
 texts 146 141 111 178
 uveds 167 265 266 267
poly 98 98 5 2 4
 trips 196 197
 quads 392 393 394 395
 edges 140 221 111 218
 verts 103 102 78 77
 texts 141 140 112 111
 uveds 161 268 128 265
poly 99 99 5 2 4
 trips 198 199
 quads 396 397 398 399
 edges 149 222 223 221
 verts 102 106 79 78
 texts 140 149 179 112
 uveds 172 269 270 268
poly 100 100 5 2 4
 trips 200 201
 quads 400 401 402 403
 edges 142 220 108 222
 verts 106 107 76 79
 texts 143 142 109 108
 uveds 163 271 125 272
poly 101 101 5 2 4
 trips 202 203
 quads 404 405 406 407
 edges 201 224 94 225
 verts 75 74 65 64
 texts 170 113 95 94
 uveds 242 273 109 274
poly 102 102 5 2 4
 trips 204 205
 quads 408 409 410 411
 edges 112 226 104 224
 verts 74 78 69 65
 texts 113 112 100 95
 uveds 129 275 121 273
poly 103 103 5 2 4
 trips 206 207
 quads 412 413 414 415
 edges 223 227 100 226
 verts 78 79 68 69
 texts 112 179 101 100
 uveds 270 276 115 275
poly 104 104 5 2 4
 trips 208 209
 quads 416 417 418 419
 edges 107 225 103 227
 verts 79 75 64 68
 texts 108 107 102 105
 uveds 124 277 120 278
poly 105 105 5 2 4
 trips 210 211
 quads 420 421 422 423
 edges 96 228 82 229
 verts 67 66 57 56
 texts 97 96 83 82
 uveds 111 279 95 280
poly 106 106 5 2 4
 trips 212 213
 quads 424 425 426 427
 edges 105 230 92 228
 verts 66 70 61 57
 texts 96 99 88 83
 uveds 122 281 107 279
poly 107 107 5 2 4
 trips 214 215
 quads 428 429 430 431
 edges 98 231 88 230
 verts 70 71 60 61
 texts 99 98 89 88
 uveds 113 282 101 281
poly 108 108 5 2 4
 trips 216 217
 quads 432 433 434 435
 edges 102 229 91 231
 verts 71 67 56 60
 texts 104 103 90 93
 uveds 118 283 106 284
poly 109 109 5 2 4
 trips 218 219
 quads 436 437 438 439
 edges 90 232 7 233
 verts 63 59 7 4
 texts 92 91 4 7
 uveds 104 285 7 286
poly 110 110 5 2 4
 trips 220 221
 quads 440 441 442 443
 edges 84 234 174 232
 verts 59 58 3 7
 texts 85 84 3 162
 uveds 97 287 205 288
poly 111 111 5 2 4
 trips 222 223
 quads 444 445 446 447
 edges 93 235 3 234
 verts 58 62 0 3
 texts 84 87 0 3
 uveds 108 289 3 287
poly 112 112 5 2 4
 trips 224 225
 quads 448 449 450 451
 edges 86 233 187 235
 verts 62 63 4 0
 texts 87 86 163 0
 uveds 99 290 223 289
poly 113 113 5 2 4
 trips 226 227
 quads 452 453 454 455
 edges 236 237 238 239
 verts 120 124 125 121
 texts 180 181 182 183
 uveds 291 292 293 294
poly 114 114 5 2 4
 trips 228 229
 quads 456 457 458 459
 edges 240 205 241 237
 verts 124 73 72 125
 texts 181 110 171 182
 uveds 295 246 296 292
poly 115 115 5 2 4
 trips 230 231
 quads 460 461 462 463
 edges 242 243 236 244
 verts 122 126 124 120
 texts 184 185 181 180
 uveds 297 298 291 299
poly 116 116 5 2 4
 trips 232 233
 quads 464 465 466 467
 edges 245 110 240 243
 verts 126 77 73 124
 texts 185 111 110 181
 uveds 300 127 295 298
poly 117 117 5 2 4
 trips 234 235
 quads 468 469 470 471
 edges 246 247 242 248
 verts 123 127 126 122
 texts 186 187 185 184
 uveds 301 302 297 303
poly 118 118 5 2 4
 trips 236 237
 quads 472 473 474 475
 edges 249 219 245 247
 verts 127 76 77 126
 texts 187 178 111 185
 uveds 304 266 300 302
poly 119 119 5 2 4
 trips 238 239
 quads 476 477 478 479
 edges 238 250 246 251
 verts 121 125 127 123
 texts 188 189 190 191
 uveds 305 306 307 308
poly 120 120 5 2 4
 trips 240 241
 quads 480 481 482 483
 edges 241 109 249 250
 verts 125 72 76 127
 texts 189 106 109 190
 uveds 309 126 310 306

