Deformer
Deformer 0
1063161344
0 29 14 1 14 1 0
1063178224
1063178576
1063178928
1063179280
1063984696
1063985048
1063985400
1063985752
1063986104
1063994656
1063999112
1064002384
1064000944
1064002024
1064001304
1064002744
1063999504
1064001664
1064003104
1063999864
1064000224
1064000584
1064004328
1064009728
1064007928
1064008648
1064005048
1064006848
1064004688
1063104136
858974728
1063158312
1063104200
1063954736
1063955216
1063955728
1063959896
1063959960
1063960024
1063968328
1063970184
1063968648
1063969992
1063179736
803702248
803702384
803702520
803702792
803703608
803702928
1063976952
1063976544
1063978448
1063977360
1063980080
1063978312
1063976680
1063977224
1063143040
0
