ikChains
2
ikChain 0
952598832
952586600
6
1104221880
1104221744
1104225144
1104223920
1104224056
1104224328
13.188679
0.752597 -0.951184 0.470675
0.919179 0.384914 -0.083376
-1.596387 -0.326710 0.990402
1.400724 1.312237 0.756410
-0.080263 0.390336 0.917167
1.278101 -1.701947 0.619733
0.919179 0.384915 -0.083376
1.400724 1.312237 0.756410
3.807553 2.628393 0.568502
0.005734 0.198598 0.980064
1.375397 -1.907735 0.537560
0.919179 0.384914 -0.083376
3.807553 2.628393 0.568502
5.547176 3.579693 0.432686
0.202099 -0.279283 0.938700
1.392956 -0.575351 -0.248356
0.919178 0.384915 -0.083376
5.547176 3.579693 0.432686
7.588534 4.695995 0.273311
0.134030 -0.504783 -0.852778
1.273760 0.082873 -0.502618
0.919179 0.384914 -0.083376
7.588534 4.695995 0.273311
9.162509 5.556709 0.150427
0.061735 -0.349900 -0.934751
1.204068 0.504215 -0.109218
0.919179 0.384914 -0.083376
9.162509 5.556709 0.150427
11.779900 6.988010 -0.053920
-0.323342 0.616671 -0.717751
1104005928
1104245560
0.312216 -0.841202 -0.441475 -0.240066 0.379763 -0.893391 0.919179 0.384914 -0.083376
0.392408 -0.775820 -0.407866 -0.248252 0.330202 -0.866934 1.014225 0.554621 -0.079183
0.000000 11.878739
0.919179 0.384914 -0.083376
ikChain 1
1061406808
952586600
3
1104223512
1104225552
1104223240
4.839803
-1.405942 0.440830 -0.036318
0.158257 0.966599 -0.201596
5.547176 3.579693 0.432686
4.697569 5.441024 -0.107448
-0.036858 -0.198243 -0.979460
-1.299519 0.469779 0.037216
-0.082021 0.972401 -0.218423
4.697569 5.441024 -0.107448
4.094252 6.197247 -0.431653
-0.587316 0.129904 0.798865
-0.056034 1.088307 -0.218165
-0.298343 0.940475 -0.162783
4.094252 6.197247 -0.431653
2.834601 7.171274 -0.933551
0.100400 0.200527 0.974530
1104244840
1104239800
-0.978206 -0.010944 0.207348 0.200902 0.202394 0.958475 -0.052456 0.979243 -0.195785
-0.803102 -0.598561 0.021003 -0.157823 0.245385 0.958419 -0.572447 0.757948 -0.288323
0.000000 3.728431
-0.050418 0.979246 -0.196303

