ikChains
1
ikChain 0
1063974032
1063161344
14
803702248
803702384
803702520
803702792
803703608
803702928
1063976952
1063976544
1063978448
1063977360
1063980080
1063978312
1063976680
1063977224
16.966045
-0.125380 -0.458808 0.000000
0.000000 0.000000 0.000000
0.000000 0.000000 0.000000
0.000000 0.000000 0.000000
-0.000000 0.000000 -1.000000
-0.202115 -0.909847 0.000000
0.000000 0.000000 0.000000
0.000000 0.000000 0.000000
0.000000 0.000000 0.000000
-0.000000 0.000000 -1.000000
-0.204975 -0.842159 0.000000
0.000000 0.000000 0.000000
0.000000 0.000000 0.000000
0.000000 0.000000 0.000000
0.000000 0.000000 1.000000
-0.340665 -0.365522 0.000000
0.000000 0.000000 0.000000
0.000000 0.000000 0.000000
0.000000 0.000000 0.000000
0.000000 0.000000 1.000000
-0.742654 0.562040 0.000000
0.000000 0.000000 0.000000
0.000000 0.000000 0.000000
0.000000 0.000000 0.000000
0.000000 0.000000 1.000000
-1.091193 1.400610 0.000000
0.000000 0.000000 0.000000
0.000000 0.000000 0.000000
0.000000 0.000000 0.000000
0.000000 0.000000 1.000000
-1.274032 2.038558 0.000000
0.000000 0.000000 0.000000
0.000000 0.000000 0.000000
0.000000 0.000000 0.000000
0.000000 0.000000 1.000000
-1.394240 2.584562 0.000000
0.000000 0.000000 0.000000
0.000000 0.000000 0.000000
0.000000 0.000000 0.000000
0.000000 0.000000 1.000000
-1.411481 2.782981 0.000000
0.000000 0.000000 0.000000
0.000000 0.000000 0.000000
0.000000 0.000000 0.000000
0.000000 0.000000 1.000000
-1.412196 2.720572 0.000000
0.000000 0.000000 0.000000
0.000000 0.000000 0.000000
0.000000 0.000000 0.000000
-0.000000 0.000000 -1.000000
-1.465328 2.329050 0.000000
0.000000 0.000000 0.000000
0.000000 0.000000 0.000000
0.000000 0.000000 0.000000
-0.000000 0.000000 -1.000000
-1.645998 1.652758 0.000000
0.000000 0.000000 0.000000
0.000000 0.000000 0.000000
0.000000 0.000000 0.000000
-0.000000 0.000000 -1.000000
-1.951362 0.873663 0.000000
0.000000 0.000000 0.000000
0.000000 0.000000 0.000000
0.000000 0.000000 0.000000
-0.000000 0.000000 -1.000000
-2.357667 -0.026866 0.000000
0.000000 0.000000 0.000000
0.000000 0.000000 0.000000
0.000000 0.000000 0.000000
-0.000000 0.000000 -1.000000
1063178576
1064004688
0.030892 -15638873619353242000000000000000000000.000000 -15638949678389256000000000000000000000.000000 0.000000 0.000000 760616976291869190000000.000000 0.000000 7.898439 0.000000
0.000000 0.000000 0.000000 0.000000 0.920043 0.870444 0.000000 0.000000 0.000000
0.000000 14.608225
-0.999935 -0.011395 0.000000

